	S1	S10	S103	S104	S11	S111	S112	S119	S12	S120	S127	S128	S136	S143	S144	S151	S152	S159	S160	S167	S168	S17	S175	S176	S18	S183	S184	S191	S192	S2	S20	S25	S26	S27	S28	S3	S33	S34	S35	S36	S4	S41	S42	S44	S49	S50	S51	S52	S57	S58	S59	S60	S65	S66	S67	S68	S73	S74	S75	S76	S81	S82	S83	S84	S89	S9	S90	S91	S92
S1	0.0	1.7604728430601564	1.4857011323644533	2.9272556659301605	0.7848378659022119	1.1358205760333735	2.96587970527099	2.115591803848827	2.152400432494487	3.0692276423165965	1.812419213145407	2.962192268982608	0.8966004683296889	3.3640142419958035	0.7154739780737066	2.569343337619617	1.2467254337305447	2.1184320050878114	0.9190326953526661	1.6076430589110842	1.128103699684216	1.4906426339506431	2.313642607136948	1.56813879580338	3.1273448141932594	1.3986723576436022	1.7506202386449887	2.4894566504732194	1.4231106838398648	2.0439455509081466	0.9729472618067627	1.6326555292209137	2.4213076919342638	0.4614980339528425	1.5004856546838414	2.1046119796453935	2.2067592850583924	0.9317955453258998	1.7973594892800446	2.6913532466655594	1.4154757289402922	2.8084862868469425	1.2646344475194156	2.396395532791947	3.532764133387464	0.4975034306950402	2.4790385942907585	1.7357187342090739	3.287192801796999	0.6210654265548131	2.2015806587172024	2.594414598893907	2.136614941474348	2.083302841416776	0.5707503894235181	2.562817794096451	1.728169487390666	1.5101935637069879	1.2090052567348024	1.7318632231009292	1.2898154409703837	1.9894420224241824	0.3821009906424828	2.2358276923471623	2.532240728640024	1.0236158557715795	0.9216085980805017	2.040306825194137	2.435883039234927
S10	1.7604728430601564	0.0	0.8086064500082161	2.474593173010321	2.2888668583063843	1.8668548761973225	1.8812701622723915	1.6091690524514668	0.8895861617862577	1.4536412384398254	1.317287147168862	1.2156725738687715	1.9829726882577885	2.085637854797885	1.4224038195339375	0.9772181606543042	2.279753431683058	0.4637147525094286	2.499176595488052	1.9574123254712887	1.8751782434330726	1.8970050952805053	2.598122222587221	2.1931346737040087	1.435344223912899	1.5153621027692854	2.385488201653252	2.4989022827909193	0.9740091387610159	1.0631241611577813	1.5616539968008367	2.0916901274910704	0.7540221582322333	1.3628950574647052	1.2010859590769916	1.486821067993306	0.5704159830723632	1.859099943582977	0.316016721527897	2.266629395865019	1.8547912200058525	1.2078842093270685	1.7585454113139865	1.600774439867786	2.1136786377855445	1.7598990392123743	1.0496460744268834	1.7181139215558365	1.8101593721915588	2.288782172745782	0.958321967109503	2.243908881511663	2.2377044261676646	2.0590076699718094	2.1924530158822155	1.2171408727554116	2.9405430386589666	1.5995805382588433	2.7503708396023314	0.9729655693162905	1.928557205053709	1.4613946402151239	1.9776677624638754	1.3461026398738725	2.7210644357075067	1.3259109462707186	1.907703189945759	2.813469981649792	0.8763941767940321
S103	1.4857011323644533	0.8086064500082161	0.0	1.8070595961783071	1.7994980239217722	1.2062051816595667	1.5262466972610322	0.9021135203120226	1.4854003030725604	1.674299356693559	0.5736322955590775	1.68993772168163	1.3541004867972581	1.8924066029577715	1.069987295163943	1.6911991089494574	1.5801178630154662	1.0083904585364896	1.9877141254338866	1.1570227950417011	2.063813986650666	1.1065291117080756	1.8309843348063581	2.4234564169269817	1.7605342554922183	1.3023752712738716	2.562125814648684	1.7275381068467577	1.4707379910479577	1.7492798750150163	1.108811077301288	1.327121726955149	1.3242358140526038	1.1322827210093147	1.5927481794595977	0.8711490230384258	1.2794957211928684	1.200795003477816	1.0209918228196673	1.5819989048720946	2.056215722941731	1.3967449634319615	1.0934696652239184	1.0346199373286482	2.0471749262166568	1.3137303278370274	1.2408579725514084	0.9625293901827635	1.8241318081910178	2.084476920986247	1.614423826429294	1.5488742317981563	1.4442834558692357	2.468609082989578	1.9372330769676163	1.4288059702316214	2.2617967503532905	1.7582122039488974	2.181930557021551	1.4958219201825782	1.2278215624903834	1.9882515574534132	1.7470969145657838	1.999896516609902	1.9226247383089061	0.9859103016593573	1.9224729460556245	2.032267680727824	1.5482253067070477
S104	2.9272556659301605	2.474593173010321	1.8070595961783071	0.0	2.7985801701537936	2.003038237972982	1.0970924187410873	0.9411449381632615	2.9910998379489047	2.2217163393079353	1.2828695706384894	2.6221746392189664	2.239350141725876	1.5020768673848204	2.486656048600178	3.0817440117936563	2.1244316366141627	2.4481004565966518	2.90236253779235	1.4144034936225232	3.7650259488648015	1.5171805422309472	1.2778889220153433	4.077353397390801	2.4209476278378896	2.5320693379007433	4.118603671451805	0.7772678903841018	3.273365122161257	3.4409851375261415	2.311984548496313	1.5489998994235317	2.6051740944638198	2.6972623430975116	3.297339234886388	1.1428648002142752	2.7606166470490217	2.107877464432635	2.6838088100663353	0.2731373271584007	3.674693334102768	2.0732266693709946	1.877151407799092	0.896607255352257	1.8106299335040261	2.5637921453030397	2.1797656843201128	1.3013209673694774	1.8984956902812722	3.4743658494525334	3.1630141031686883	0.5040301301680695	0.96635391448283	4.110982258243791	3.2743572411464186	2.343610176333409	2.5461289752574654	3.2756181640746984	2.913595055301767	3.17823989772811	1.8639309341616679	3.65247016618834	3.158950034586786	3.6463423570073004	0.978086225431791	2.361411258595678	3.490720146134546	1.8293015123842413	2.9456863945861307
S11	0.7848378659022119	2.2888668583063843	1.7994980239217722	2.7985801701537936	0.0	0.8378974249387883	3.116213354011138	2.1763974895461007	2.616344219580103	3.394799339547551	1.9582260745961892	3.4209321586543053	0.5907462058873333	3.5630192786522463	0.9256298347635021	3.0818410866163224	0.7930738888383846	2.6513871414510435	0.2847831352826729	1.4157429752377242	1.7218747348788725	1.3148625655681827	1.886939759289882	2.005233989510836	3.513735225240608	1.4478048900779041	2.03907732583755	2.193939422121267	2.112660891679024	2.6388968184679618	0.9391469251589432	1.2889824565818238	2.8654847729235486	0.9989373134773171	2.0288167558807646	2.1238149121250105	2.7114847362676255	0.7945636000663764	2.3282388865301105	2.564765725949148	1.819661899758684	3.1510693343793315	1.0367103761886585	2.467710472602103	3.7569465400192095	0.5292147469172428	2.7682144345806114	1.5959362054091117	3.526013421716545	0.880464961236805	2.7052002250375784	2.4239067924858966	1.8744262143400388	2.5253255917092075	0.6724876048359412	2.8266153287911897	0.9947924644698879	1.8127450477189806	0.6300078178837556	2.259312880011352	0.9663338779747183	2.505654910663456	0.7295398292474624	2.790601345014224	2.2094992829556652	1.1646982752666548	1.3183455176774406	1.496814104186099	2.9201614673917167
S111	1.1358205760333735	1.8668548761973225	1.2062051816595667	2.003038237972982	0.8378974249387883	0.0	2.3434902980031906	1.4203697096532835	2.250083506018569	2.713152254766069	1.2500424565184765	2.8435180666028903	0.4254686553031924	2.797241767167096	0.7483712323775827	2.6618646968643827	0.5863004818081746	2.1843186221419937	1.0239153288089202	0.726326876877749	2.05459103503623	0.6377160666891114	1.1952813968076503	2.3384213758261736	2.8687938262716806	1.1028373483564755	2.357301655419115	1.4391994515930469	2.055276845070611	2.456030509606141	0.5577721500733371	0.5377114200792528	2.347466452777761	1.0169050066261347	1.9580960609006388	1.3112489285307858	2.2755632303129967	0.49678105498722586	1.9507363865170233	1.755568032542168	2.0085775645801895	2.4812742374916197	0.22578416903737883	1.6699262337530099	2.9915947783841155	0.657181855106662	2.1295180345269427	0.7611349028731671	2.7763487651149354	1.5501342818383923	2.38407488990045	1.6028328336410667	1.1167922088038533	2.6313449817854613	1.312727362466159	2.2080099545777436	1.0924931438391412	1.7729536311479623	1.2005392601831044	2.064694377914103	0.16426936111595286	2.4257080886396554	1.2454277898797887	2.6277674054609017	1.557022991076505	0.7979647345076532	1.6654719496138115	1.11267916821475	2.486265195149175
S112	2.96587970527099	1.8812701622723915	1.5262466972610322	1.0970924187410873	3.116213354011138	2.3434902980031906	0.0	0.9801416158404282	2.4203618524414017	1.2980818673097203	1.1822897334036657	1.6461032599731338	2.5640473871777862	0.48753282993194313	2.520558911526188	2.322082218502107	2.6019120564590588	1.6892292494201602	3.2658902942290995	1.876796530975925	3.5704682864818613	1.9307454130436332	2.1170180414427655	3.895371937946203	1.4302278598425981	2.5349577901223483	3.9988024303872858	1.6938852222195766	2.8264612125611266	2.868045755695615	2.441920119956265	2.08963642373356	1.8607214734416473	2.646624722542426	2.944871092139247	1.1498619098017837	2.0643152993271197	2.3907308814798998	2.1095559909185275	1.0873943090884952	3.495111757623384	1.149702084041557	2.187466398350841	0.6950790577836135	0.8283472750562701	2.721484865421524	1.5540002621707854	1.6481012148511835	0.9763656852442063	3.570966640225939	2.5669987452512935	1.2535153141627848	1.6929394315217152	3.7887802104594597	3.4072408019662324	1.7799139132121833	3.1982877416844504	3.0972921494727137	3.3602271939989343	2.726719013742458	2.2620368787680745	3.21269837425516	3.2360374222384527	3.0895061413011904	1.9177441814318203	2.3673238954908777	3.4273851460759026	2.615325593966972	2.2352399918020827
S119	2.115591803848827	1.6091690524514668	0.9021135203120226	0.9411449381632615	2.1763974895461007	1.4203697096532835	0.9801416158404282	0.0	2.2486140631140445	1.812573839240565	0.34771936003315107	2.034816812125956	1.6056079832853716	1.4589124804129028	1.719461364219886	2.3645237926084253	1.6245967373457517	1.6183332963070902	2.30581548973488	0.9057945695907621	2.9035989275476886	0.9541250878574355	1.372474081091323	3.2616909175480706	1.954962598611771	1.897027828284081	3.360951589285938	1.0486049471582937	2.369586941461879	2.6096441567441975	1.6292977637227184	1.1701703934561838	1.914068291373563	1.861771389268432	2.469687382006685	0.634998625893298	1.9930016649260436	1.4306356325572966	1.845851774635155	0.7583203975496605	2.8836749680801788	1.568001739219371	1.3012622382930281	0.4558856504729129	1.746289738693359	1.8304640274307378	1.6279403601595572	0.7975247950860586	1.6982136939420776	2.7068054031464923	2.4012269746079924	0.8280666251112989	0.8739022627800306	3.325507558250653	2.5375000943104475	1.834254271429736	2.2476124851513495	2.5420212632415473	2.383258240319052	2.361362125508886	1.3348389691356168	2.8521624593737736	2.3867259981067845	2.8474544143260694	1.2227515408245153	1.6288529450327927	2.6947305596308877	1.716022793993653	2.2295972363660863
S12	2.152400432494487	0.8895861617862577	1.4854003030725604	2.9910998379489047	2.616344219580103	2.250083506018569	2.4203618524414017	2.2486140631140445	0.0	1.5791251830876418	1.9964452005737199	1.4112461079873149	2.446606800963054	2.553387893122664	1.698397601816451	0.5838730063129287	2.7693469274890945	1.1893489416110752	2.873065386525244	2.527648444693037	1.8821276251537562	2.4651152549341733	2.9807361639769003	1.9679636966664897	1.6030963498997615	1.4347983616663247	2.061170268826746	2.968351207314351	1.106665857366243	0.6335028291482232	1.79126166347332	2.5255312031385757	0.6845732980107125	1.714764634991463	0.9218215600005447	1.8920941373445002	0.5107097016424221	2.393299904309245	0.5936544857157662	2.7624938828175543	1.5954866078237921	1.4852747119634202	2.1117117382507273	2.120110353142619	2.4491789701825053	2.1223364446918023	1.000652195656925	2.1506482289425293	2.0246238869129134	2.5355824154182707	0.1936475044021967	2.6786092684073557	2.7416194732447527	1.5348177371404004	2.40862784538321	0.9572973813310135	3.30587751385617	1.2449238885178089	3.1838370614291533	0.5701709179134589	2.3249230019875484	0.8922246136420123	2.225188892512966	0.7136828166894025	3.2749044238553133	1.5143193037348048	1.8984257642265214	3.285122240984627	0.43308239869258786
S120	3.0692276423165965	1.4536412384398254	1.674299356693559	2.2217163393079353	3.394799339547551	2.713152254766069	1.2980818673097203	1.812573839240565	1.5791251830876418	0.0	1.7805923156980341	0.631145026100174	2.973978388673553	1.1757401466251909	2.5500758332935143	1.2942042228441832	3.1571800492550364	1.261256612150708	3.6148941529901863	2.5707359542556016	3.251448211899985	2.574741475070943	2.865085886821183	3.4580244113259506	0.30867900839923257	2.346290042207097	3.5497422839006854	2.6059837600783324	2.3581299617233267	2.0858563139742388	2.528698113755737	2.6773319833912015	0.9326761707949505	2.6447428754872453	2.3943756912226783	1.5855071730692087	1.2440285475016597	2.840056555429471	1.5261131472466942	2.1057383104106773	3.0556914232121892	0.30928648141427534	2.524595298684564	1.464531093989829	0.9316541348449935	2.9063240346429677	0.7764039155121603	2.1661224042305425	0.5159444005039294	3.6186852543154733	1.6954408623303792	2.135190889201601	2.526396083575005	3.1086230112012454	3.461983652848634	0.9435542983564531	3.758212133241743	2.630842017431053	3.82422088669265	2.071561758072245	2.6941201773995536	2.469259592129741	3.2694629647575266	2.2325068285455147	2.932837957227961	2.331158858605754	3.1995913177598316	3.3868347070170217	1.258994847962479
S127	1.812419213145407	1.317287147168862	0.5736322955590775	1.2828695706384894	1.9582260745961892	1.2500424565184765	1.1822897334036657	0.34771936003315107	1.9964452005737199	1.7805923156980341	0.0	1.9163345648202899	1.4073635880307318	1.6277678570034066	1.4341812262976799	2.1422092822142047	1.4984821827948012	1.374379702179291	2.1013931992595425	0.8633333357626255	2.5689896565813233	0.8683494213623243	1.4999919063301312	2.9408969043635422	1.897527801175856	1.670991316955305	3.0602422662923017	1.275171289479055	2.032113052611113	2.3100992464371224	1.388546206597081	1.134150541141546	1.7180355460604642	1.5441042218527972	2.1558163091684257	0.667101916764017	1.7497957497077372	1.2237989263276867	1.5572546259127176	1.0813897024673464	2.574264828144357	1.509747692885831	1.1404465221638507	0.6540166094700472	1.8768620698792071	1.5651808690095455	1.5072995133277949	0.7599794425234213	1.7668699005279263	2.415166497666704	2.1388824070543135	1.1027751537762809	1.024593610474	3.0210384777904875	2.257672693092126	1.7155017240681183	2.1735397938807735	2.260744601859646	2.2132921718150236	2.060698646602727	1.200463979447679	2.5523560786967203	2.0933293188639874	2.557738879616133	1.436157818776446	1.3626473711039222	2.3837552058311204	1.7524837190058768	2.0056802862171916
S128	2.962192268982608	1.2156725738687715	1.68993772168163	2.6221746392189664	3.4209321586543053	2.8435180666028903	1.6461032599731338	2.034816812125956	1.4112461079873149	0.631145026100174	1.9163345648202899	0.0	3.0351959850044627	1.5383768723263376	2.5503726253522876	0.9685938428070759	3.2648296096252025	0.9155188413613271	3.6327266354837735	2.7444096693802584	3.0199690535505606	2.7275530862108073	3.204569280204016	3.259350717896406	0.38081759894482375	2.4493850851917025	3.414794949288324	2.9613985288088185	2.0422313140687773	1.7632112696777291	2.606852620729423	2.898181731391962	0.753414967105585	2.5569156855038275	2.2014903539978565	1.9077804522603428	0.9690056122836777	2.889250892676576	1.2892552235644248	2.49620471625621	2.908955613652554	0.5837180404557114	2.6844443540886957	1.7977767726343374	1.365453911454382	2.9022622676932124	1.0199646481252624	2.4143903574409293	1.0807232622347915	3.5013607400144715	1.464891006584977	2.539389627742891	2.8195218537665476	2.90983284724716	3.3902777965681294	1.1992131764551046	3.920876120070621	2.5713795563549198	3.8559110322483137	1.862139782542866	2.854813390352031	2.241619697549482	3.1806256166877156	1.9449710205975304	3.2380092228778365	2.380191777011387	3.070903812612412	3.617655330149237	1.012387583534064
S136	0.8966004683296889	1.9829726882577885	1.3541004867972581	2.239350141725876	0.5907462058873333	0.4254686553031924	2.5640473871777862	1.6056079832853716	2.446606800963054	2.973978388673553	1.4073635880307318	3.0351959850044627	0.0	3.0224151376028616	0.8233873372994776	2.8462050234009837	0.38024921447939714	2.287363653489429	0.7031609413269424	0.8399444479233542	1.955359455667813	0.733821285822115	1.4640175518746985	2.30323963501516	3.0975506106743476	1.3825040766244892	2.3719838717783595	1.6826932102636658	2.0530088386294607	2.557075624132014	0.7841020527865536	0.8068689280982375	2.560058929503349	0.9491521615144334	2.044192087770888	1.6311081658387119	2.448352344621162	0.22961936940441516	2.0868932092695576	2.0128806530153693	2.040949090622274	2.718670614688113	0.6387709995134528	1.9280269776158763	3.244764479381232	0.5088194487314702	2.4189183283768942	1.091916815954895	3.055245649436931	1.3002313533199872	2.557950838417432	1.897101832845169	1.3418708065681817	2.705632712901579	1.1133467253815548	2.5176809419936337	1.0054636996069888	1.9172117340042258	0.8541601510040591	2.1896991182050694	0.5213078000950989	2.5365014047784347	1.0553826292061252	2.750442942314723	1.694273143760933	1.008397003352959	1.6079360844629	1.1496964185162166	2.6837293718928947
S143	3.3640142419958035	2.085637854797885	1.8924066029577715	1.5020768673848204	3.5630192786522463	2.797241767167096	0.48753282993194313	1.4589124804129028	2.553387893122664	1.1757401466251909	1.6277678570034066	1.5383768723263376	3.0224151376028616	0.0	2.9125230477291737	2.3518764632157403	3.0784147874267407	1.8211798865571425	3.7218960266187917	2.3594807796544526	3.878045313291704	2.409552588528035	2.576451567387406	4.187159384856096	1.2673062913148285	2.8789063106188593	4.296706380512773	2.151646086707635	3.057064823158923	3.0118580242846407	2.8477569016725224	2.5640053655523514	1.924693434624446	3.023536656746028	3.18702523293542	1.5640513239996643	2.1673063980586558	2.8484559255993904	2.2952878853211263	1.5277063273084204	3.786748384997138	1.1159813072423994	2.6331473543209936	1.1479391116067181	0.4211961913190629	3.145052564335403	1.6623080840450213	2.105865017129236	0.7736950403919501	3.970468018335681	2.6867497636438293	1.689268367239115	2.1722574908435255	4.008145912716442	3.8133127108018368	1.877543065389244	3.678814642989484	3.379950327077029	3.8289589420916337	2.9284527338785495	2.7230579051113963	3.3968001870435227	3.632931470828874	3.220637214339327	2.3817958726795676	2.744375559514906	3.771516025659753	3.0998773822539953	2.297323831398659
S144	0.7154739780737066	1.4224038195339375	1.069987295163943	2.486656048600178	0.9256298347635021	0.7483712323775827	2.520558911526188	1.719461364219886	1.698397601816451	2.5500758332935143	1.4341812262976799	2.5503726253522876	0.8233873372994776	2.9125230477291737	0.0	2.1618185992273458	1.184293931858975	1.8282546000705904	1.183266236359842	1.3188192438518314	1.351364409557421	1.2133227442248518	1.8872011046862753	1.6435523574902302	2.6590510107425573	0.7234951127768294	1.713813431763894	2.067837122142013	1.360274547461354	1.7862643655931296	0.31707475178012573	1.2435565944288884	1.9523541199534138	0.3726688057566134	1.2365133510369752	1.532382395080757	1.7974639840121192	0.861753107184569	1.4262826712640657	2.227046340814562	1.3035742652175017	2.319135915409757	0.758299942124452	1.9023645711711483	3.039665315272389	0.4408096352548476	1.8929984141444178	1.2183872817460326	2.7505095242606434	1.1615127490552892	1.7972297483230535	2.0923892869418705	1.7416416162448072	1.9196260653118151	0.9444683560860311	1.9476229395413336	1.6766984535617147	1.1195916840797964	1.4935956552161849	1.3937054416420693	0.8953640373923548	1.7205033479384944	0.7911311522299911	1.9501659711490413	2.228986176372636	0.31148237564748044	1.0077248815694617	1.8518429456338537	1.9966281422726924
S151	2.569343337619617	0.9772181606543042	1.6911991089494574	3.0817440117936563	3.0818410866163224	2.6618646968643827	2.322082218502107	2.3645237926084253	0.5838730063129287	1.2942042228441832	2.1422092822142047	0.9685938428070759	2.8462050234009837	2.3518764632157403	2.1618185992273458	0.0	3.1515464449835777	1.036134024198669	3.3237031167957674	2.814878791957334	2.3218599185389914	2.764559135072987	3.295972482891413	2.4531167148738016	1.2237972206473473	1.9657169553252483	2.58941718811688	3.1987509600696993	1.4018577121115292	0.8889805276803688	2.2620324745453515	2.87648759577615	0.47892986314333424	2.1447944183064735	1.4196047317626594	2.0837936366527554	0.41722070733899824	2.755917975202193	0.7920776147700747	2.8866713554934003	2.122777798944118	1.2414014717752637	2.5170983440008388	2.1916935537425766	2.1981087429552657	2.5659973178516595	1.0167162929677065	2.4512863369395546	1.7981239010800063	2.9988652660647643	0.5598384631115572	2.849013453672519	2.995215155930828	1.994619112922035	2.8952568115596566	1.0370166072797529	3.745421307997115	1.8201523705608065	3.612212399394274	1.0560051233622747	2.7203853907826785	1.3298114717671448	2.6964734030700104	1.0010749522013909	3.4989334771484057	1.9907743495942702	2.410237234764104	3.6376174035480284	0.19607279111061063
S152	1.2467254337305447	2.279753431683058	1.5801178630154662	2.1244316366141627	0.7930738888383846	0.5863004818081746	2.6019120564590588	1.6245967373457517	2.7693469274890945	3.1571800492550364	1.4984821827948012	3.2648296096252025	0.38024921447939714	3.0784147874267407	1.184293931858975	3.1515464449835777	0.0	2.548663670353749	0.8032352449207523	0.7434935110892597	2.3243622762199445	0.6726929296157551	1.2591284974529533	2.6634850897372337	3.295585299396295	1.6667112575396803	2.7135968843490104	1.5027306796802917	2.4215323896709697	2.915468729934537	1.0884062318901575	0.6998859758748744	2.8332305619803173	1.3284346634675064	2.4141619892944073	1.7093454815766076	2.74935413654327	0.4503089735891352	2.4054843248414555	1.920851226500083	2.4043282096356022	2.9047247858142216	0.7847638085398143	1.9717121866475933	3.3309890859019604	0.8804811740986759	2.641339737495949	1.1202408961841888	3.1808129662093583	1.5919397204895736	2.8911185984578833	1.8091548881294464	1.1874653924514533	3.0715829509715156	1.4144495270484474	2.746981625157975	0.7515484122219748	2.2637908679341083	0.7975545420220489	2.546867235208785	0.5792419846272316	2.902901491738403	1.3911615145649328	3.110433268886649	1.4431643273530914	1.3299427423841435	1.9652027649260468	0.799654207528142	2.9866524655229854
S159	2.1184320050878114	0.4637147525094286	1.0083904585364896	2.4481004565966518	2.6513871414510435	2.1843186221419937	1.6892292494201602	1.6183332963070902	1.1893489416110752	1.261256612150708	1.374379702179291	0.9155188413613271	2.287363653489429	1.8211798865571425	1.8282546000705904	1.036134024198669	2.548663670353749	0.0	2.840567305238774	2.136125034881996	2.274801025916033	2.092527896866715	2.787731033758104	2.61720800009285	1.1679119290214246	1.9449098616437077	2.830476866794809	2.605608730434823	1.3232491348642585	1.359693793980262	1.9551343874664084	2.3326652647515522	0.7896804933315917	1.7569046810778426	1.6324202855194527	1.6067639442861135	0.7171909656053582	2.13176650822856	0.7059347629056929	2.2784926183407364	2.3008592361482325	0.997692607524357	2.073873845850075	1.5824736531909684	1.8498579290246406	2.128222562818375	1.1322476908560648	1.927813885501444	1.6091863857113957	2.672219842353527	1.238152306648785	2.3064856389604054	2.372197590800917	2.4621588490820168	2.59309829383929	1.352258712054965	3.24542938297006	2.057932657012711	3.059144977159993	1.376826705733583	2.2246935668234	1.8367905519653656	2.3745015353461927	1.645578728836386	2.8087213363735937	1.7404047218780438	2.346283966561858	3.0294895632255114	1.0012166228204702
S160	0.9190326953526661	2.499176595488052	1.9877141254338866	2.90236253779235	0.2847831352826729	1.0239153288089202	3.2658902942290995	2.30581548973488	2.873065386525244	3.6148941529901863	2.1013931992595425	3.6327266354837735	0.7031609413269424	3.7218960266187917	1.183266236359842	3.3237031167957674	0.8032352449207523	2.840567305238774	0.0	1.500359512617911	1.888803167043964	1.4056470937368255	1.9768727407555209	2.1938451303376483	3.72765704322673	1.730721551909654	2.244013928559792	2.2818267308206623	2.3134240592280992	2.874183622894734	1.2067743751565805	1.4081510170990503	3.1033334705484226	1.21267034347923	2.273420270074611	2.3142614610828023	2.9463428657659074	0.885749323479169	2.5573954046825023	2.683110683387294	2.0490763984440403	3.362192843905297	1.2401411572634442	2.629779649310704	3.9381225481820996	0.7588609508994225	3.0127417272345567	1.7641772236275548	3.7310275175159457	0.9444523222096187	2.957807075773738	2.5553448996253127	1.9667354531015206	2.759389136945885	0.8096622530215969	3.0831118618397384	0.9248348009802716	2.0805316863924816	0.364066823282128	2.507984293710034	1.1297729982140927	2.753365417728526	0.8924206286006366	3.0359758081777377	2.2412066924959793	1.432986133570149	1.5214428862481437	1.4787579481966535	3.166338000595005
S167	1.6076430589110842	1.9574123254712887	1.1570227950417011	1.4144034936225232	1.4157429752377242	0.726326876877749	1.876796530975925	0.9057945695907621	2.527648444693037	2.5707359542556016	0.8633333357626255	2.7444096693802584	0.8399444479233542	2.3594807796544526	1.3188192438518314	2.814878791957334	0.7434935110892597	2.136125034881996	1.500359512617911	0.0	2.6003397043739414	0.11704053380089438	0.9142445477529016	2.9542555409904416	2.7218309906429003	1.6631383622031677	3.0202877983878724	0.9215315191899128	2.395930415572503	2.789428378904313	1.1857596758607436	0.4280147921271041	2.424607202648648	1.4992554341655333	2.427340647320746	1.0860435505562376	2.4117988227121936	0.7106108460344598	2.137292829827657	1.2077000207440993	2.620425554225457	2.322819543870778	0.7267290292057742	1.2641347129224374	2.6308411902144484	1.2367353871614772	2.165103810185201	0.5736040543298871	2.5249048888764567	2.1114871571225846	2.6724415736940053	1.1321210590665787	0.5652293053434089	3.202819082450563	1.9259506579112768	2.309071311104925	1.3532465384402583	2.359784007708582	1.5301107554041646	2.4527375104005804	0.6125298002602101	2.887125588337363	1.8325167138542593	3.0072606768417827	0.9442150576102765	1.3357512512720007	2.2919939579718616	0.9045976409738705	2.6542686885899283
S168	1.128103699684216	1.8751782434330726	2.063813986650666	3.7650259488648015	1.7218747348788725	2.05459103503623	3.5704682864818613	2.9035989275476886	1.8821276251537562	3.251448211899985	2.5689896565813233	3.0199690535505606	1.955359455667813	3.878045313291704	1.351364409557421	2.3218599185389914	2.3243622762199445	2.274801025916033	1.888803167043964	2.6003397043739414	0.0	2.486821776979137	3.231125759299719	0.5659538121365391	3.2630022067482076	1.6399117727034098	0.9329378311331564	3.408683085397959	1.0186842223478612	1.5120499822776554	1.6246712496551452	2.57603753696642	2.3896947548028082	1.1031404215372993	0.97841688640688	2.748399292542401	2.0981353516089833	2.0013706546730234	1.7453613890100839	3.5130068926034217	0.6637719603648121	3.0419732042606045	2.1043220795363213	3.0651950573004485	3.941322446601211	1.4568329650891392	2.6219573580514153	2.5495826236051706	3.6074176030723515	1.0491337961366205	1.8419394209384858	3.4021696617686783	3.0731186054591806	1.1572089221401893	1.1129070217579697	2.63470957422973	2.707073614268829	1.1192760070907966	2.2180509968457782	1.3157081171237859	2.2145987955349606	1.2835169262357282	0.9994950606623587	1.5981199356798454	3.538784496955813	1.5104818347372821	0.5346603085103975	3.087701510785115	2.2304462104349674
S17	1.4906426339506431	1.8970050952805053	1.1065291117080756	1.5171805422309472	1.3148625655681827	0.6377160666891114	1.9307454130436332	0.9541250878574355	2.4651152549341733	2.574741475070943	0.8683494213623243	2.7275530862108073	0.733821285822115	2.409552588528035	1.2133227442248518	2.764559135072987	0.6726929296157551	2.092527896866715	1.4056470937368255	0.11704053380089438	2.486821776979137	0.0	0.9938602274812431	2.844415478312903	2.7198428582204643	1.5890614254848425	2.9152809649010814	1.0306415540357816	2.3002280008983074	2.7084538617208103	1.0927264832353591	0.4333713673003119	2.3862271083772493	1.3867554111999316	2.3334838654203773	1.1119317555047656	2.359070379334223	0.5980472276849164	2.0711545471294652	1.3047072085841669	2.5161689164932564	2.322602244024593	0.6547298830632979	1.3119305532427203	2.672822849194167	1.1227635344352613	2.1469861535365786	0.5887384961477717	2.552269990766773	1.996932418537932	2.605858454477045	1.2247964642939282	0.6728860212154908	3.10526422373157	1.813193201825894	2.288258258824778	1.3198583604915919	2.2685081762943597	1.4512434413135524	2.3693291289482468	0.5409477552678126	2.798693913014755	1.7172186771860138	2.9265356782983467	1.058181261465389	1.245497386527491	2.180384235344244	0.9426611749196518	2.6038091032739255
S175	2.313642607136948	2.598122222587221	1.8309843348063581	1.2778889220153433	1.886939759289882	1.1952813968076503	2.1170180414427655	1.372474081091323	2.9807361639769003	2.865085886821183	1.4999919063301312	3.204569280204016	1.4640175518746985	2.576451567387406	1.8872011046862753	3.295972482891413	1.2591284974529533	2.787731033758104	1.9768727407555209	0.9142445477529016	3.231125759299719	0.9938602274812431	0.0	3.4744486403311057	3.0883566884951033	1.9403720625468774	3.4371780733147306	0.5154310799255036	3.0873964044575932	3.3593935387772023	1.6290575687244193	0.6860514328791137	2.8778486439252826	2.1779118000933213	2.9693378287400827	1.3004414622269365	2.9359187516221468	1.4581025328911652	2.7276544436861676	1.1038435865787397	3.10132747212809	2.6891497710979517	1.1290081607022764	1.5184544016315804	2.8133256193794223	1.8486330522218517	2.458383669001809	0.8804278728210407	2.712349662369172	2.7112603960542687	3.153351093950344	0.9121582965306416	0.532628511257967	3.6553992159918676	2.4706761437958713	2.54081115758497	1.3983946724776657	2.7501221447638207	1.9753649279448655	2.984442217016455	1.0331247197934728	3.3823554663398645	2.430833587303058	3.521276311807576	0.7256816149336831	1.8074994861372704	2.8271726502903296	0.7872869414052417	3.117829457266779
S176	1.56813879580338	2.1931346737040087	2.4234564169269817	4.077353397390801	2.005233989510836	2.3384213758261736	3.895371937946203	3.2616909175480706	1.9679636966664897	3.4580244113259506	2.9408969043635422	3.259350717896406	2.30323963501516	4.187159384856096	1.6435523574902302	2.4531167148738016	2.6634850897372337	2.61720800009285	2.1938451303376483	2.9542555409904416	0.5659538121365391	2.844415478312903	3.4744486403311057	0.0	3.488584993402197	1.7152848109066003	0.4242670664329536	3.6963739750541555	1.3542045554379725	1.6159004993925867	1.85504182937637	2.8610059786650166	2.5730737414148477	1.4971612530637295	1.0693248940815445	3.011518835445182	2.2969588495035573	2.3839851571206476	1.998492455052705	3.8144465445141433	0.46533123558866873	3.286372672438634	2.366538859474626	3.3719142907433315	4.208431115306545	1.7960231669801823	2.7805101047664382	2.82978197038818	3.8324592876881782	1.3802133652496777	1.9189375562449043	3.6757163863103335	3.380757779702562	0.7945686138727311	1.391845969422892	2.737901784344756	2.9465664325734764	1.020963091819967	2.5416724760699587	1.419313247506977	2.4956472394195055	1.2050471291482296	1.341151020793944	1.586720287972971	3.869238850225829	1.735454969770577	0.6990851762905788	3.382459967151947	2.3602233312700696
S18	3.1273448141932594	1.435344223912899	1.7605342554922183	2.4209476278378896	3.513735225240608	2.8687938262716806	1.4302278598425981	1.954962598611771	1.6030963498997615	0.30867900839923257	1.897527801175856	0.38081759894482375	3.0975506106743476	1.2673062913148285	2.6590510107425573	1.2237972206473473	3.295585299396295	1.1679119290214246	3.72765704322673	2.7218309906429003	3.2630022067482076	2.7198428582204643	3.0883566884951033	3.488584993402197	0.0	2.5063763016028267	3.611554366817923	2.8188659664545743	2.320678816679201	2.0417838442844913	2.671681461365032	2.860056153831602	0.9285666449227781	2.7128748678763466	2.421504980911734	1.797130639311933	1.2102639677799518	2.952979209777052	1.518057174077897	2.3133522156181954	3.109774488586882	0.4044021393663447	2.6928611856462092	1.6504282978950375	1.0337249916018463	3.0103526635345355	0.9637487178836642	2.3567658105428464	0.7224965071104898	3.6793758328354254	1.6897196252518547	2.3614587414834554	2.719891644866626	3.1341738886624038	3.5442639400582125	1.1392848779441644	3.9275266556634527	2.7230790411533388	3.938150137159318	2.086870638893112	2.8598090306951254	2.4762819272058025	3.342481874558591	2.20358045916189	3.118786564524826	2.462603719023295	3.2609471775442085	3.568225692271797	1.2317488368261722
S183	1.3986723576436022	1.5153621027692854	1.3023752712738716	2.5320693379007433	1.4478048900779041	1.1028373483564755	2.5349577901223483	1.897027828284081	1.4347983616663247	2.346290042207097	1.670991316955305	2.4493850851917025	1.3825040766244892	2.8789063106188593	0.7234951127768294	1.9657169553252483	1.6667112575396803	1.9449098616437077	1.730721551909654	1.6631383622031677	1.6399117727034098	1.5890614254848425	1.9403720625468774	1.7152848109066003	2.5063763016028267	0.0	1.6446303703887541	2.1498244809281277	1.5630066221184706	1.6963559816595868	0.6002434358979821	1.4619126146185388	1.7677651078707992	1.0233168626082694	1.1723154491100545	1.468765852849903	1.6767030666895892	1.4447573532720366	1.41382687226244	2.2594066937188924	1.273200672365447	2.186527489597815	0.9836429860355853	1.9160995237085314	2.921557937226052	1.1010381649440686	1.5946166094574024	1.3117666683433835	2.558213547895057	1.700583425912086	1.5677571427139274	2.0765945700494712	1.8984327699428247	1.733159373765947	1.4479764172461915	1.5535804019505328	2.0050578467344966	0.8240600498798977	2.045706548676347	1.2621560862121022	1.1914422143088452	1.5291459661207987	1.3477442702092224	1.7637143348292659	2.4338214284585553	0.46233402420695424	1.2538396337326112	2.1400102658576263	1.7781561579706424
S184	1.7506202386449887	2.385488201653252	2.562125814648684	4.118603671451805	2.03907732583755	2.357301655419115	3.9988024303872858	3.360951589285938	2.061170268826746	3.5497422839006854	3.0602422662923017	3.414794949288324	2.3719838717783595	4.296706380512773	1.713813431763894	2.58941718811688	2.7135968843490104	2.830476866794809	2.244013928559792	3.0202877983878724	0.9329378311331564	2.9152809649010814	3.4371780733147306	0.4242670664329536	3.611554366817923	1.6446303703887541	0.0	3.700456497322765	1.6475314383753097	1.8077692869557738	1.8633918703660666	2.8682180229275693	2.6928071699418745	1.6554160561902116	1.224565847285486	3.0466548496569925	2.4476318174001745	2.4815319791451422	2.1721660176172746	3.849318569705444	0.5320567659193396	3.399283515084726	2.3732172509817415	3.44396736015651	4.3031463541355714	1.8804516007419507	2.8307299358114277	2.8517972798174984	3.907424050149862	1.5290504712125228	2.0338994611234997	3.6863594200357954	3.4044948871827763	0.8068322119532906	1.478518899857786	2.7538079332646195	2.9112036576310176	0.9583781743043538	2.59895204991042	1.5612587083943819	2.5078322682011183	1.3173753905618155	1.46905546052592	1.7274184534225177	3.8995827706735406	1.7630274250598663	0.8293815284673388	3.3795452855575263	2.479977140849442
S191	2.4894566504732194	2.4989022827909193	1.7275381068467577	0.7772678903841018	2.193939422121267	1.4391994515930469	1.6938852222195766	1.0486049471582937	2.968351207314351	2.6059837600783324	1.275171289479055	2.9613985288088185	1.6826932102636658	2.151646086707635	2.067837122142013	3.1987509600696993	1.5027306796802917	2.605608730434823	2.2818267308206623	0.9215315191899128	3.408683085397959	1.0306415540357816	0.5154310799255036	3.6963739750541555	2.8188659664545743	2.1498244809281277	3.700456497322765	0.0	3.1200933275367713	3.3716286942192055	1.8480536954850897	0.9151284818675067	2.749361497793458	2.3210475823412646	3.0746394599970897	1.1234287120134336	2.840607312018282	1.6067567004034646	2.671517641799092	0.6352431255667816	3.3119765017856517	2.4282240934609556	1.3485725569684643	1.1825790987429892	2.4251228896631147	2.06655378220252	2.3274434797381276	0.8937511789055732	2.393055001535373	2.9643854032241985	3.1421303892056205	0.5185405178868786	0.35885301288634663	3.831723241628156	2.7447103747846184	2.450543627916542	1.8056264577085868	2.9452969551482076	2.273613181150629	3.0376783135307694	1.2795037210970823	3.4777604142761107	2.6696656455029455	3.559832098171996	0.45875450865272105	1.9765827041027082	3.0605263557730273	1.095319251617108	3.034939837041372
S192	1.4231106838398648	0.9740091387610159	1.4707379910479577	3.273365122161257	2.112660891679024	2.055276845070611	2.8264612125611266	2.369586941461879	1.106665857366243	2.3581299617233267	2.032113052611113	2.0422313140687773	2.0530088386294607	3.057064823158923	1.360274547461354	1.4018577121115292	2.4215323896709697	1.3232491348642585	2.3134240592280992	2.395930415572503	1.0186842223478612	2.3002280008983074	3.0873964044575932	1.3542045554379725	2.320678816679201	1.5630066221184706	1.6475314383753097	3.1200933275367713	0.0	0.7176439702623848	1.6234311651817184	2.467789589723977	1.4833132487763838	1.134354325954848	0.6262598016965154	2.234406946141412	1.1669056025586113	1.9984865953613031	0.8397457481017592	3.0410733062040833	1.1535874741366778	2.1490311831309996	2.023900123745134	2.454085424668813	3.0834769820868004	1.641568419612077	1.8452971541245706	2.252251537814779	2.757153424033957	1.7510617983428751	1.0470851279054258	2.9778510847546147	2.8067041591620194	1.3460175977833575	1.7386897883133616	1.9074462668395598	2.996916394207888	1.1958029535706263	2.617109822370562	0.661324494176222	2.1800915498758915	0.9195784753793592	1.5340552639568368	0.9750378882169981	3.297345968282326	1.3951487740785573	1.2568293356801181	3.12181830805056	1.3386182406473606
S2	2.0439455509081466	1.0631241611577813	1.7492798750150163	3.4409851375261415	2.6388968184679618	2.456030509606141	2.868045755695615	2.6096441567441975	0.6335028291482232	2.0858563139742388	2.3100992464371224	1.7632112696777291	2.557075624132014	3.0118580242846407	1.7862643655931296	0.8889805276803688	2.915468729934537	1.359693793980262	2.874183622894734	2.789428378904313	1.5120499822776554	2.7084538617208103	3.3593935387772023	1.6159004993925867	2.0417838442844913	1.6963559816595868	1.8077692869557738	3.3716286942192055	0.7176439702623848	0.0	1.9711650242638938	2.817556408784139	1.154780186169267	1.678838884456652	0.6978446093116021	2.3495605205988097	0.8577586600969169	2.5094809800639943	0.7804323030499967	3.210646856211527	1.359880359905563	1.9582655340556716	2.3677478520209534	2.567450506179944	2.939354476789985	2.158247885925462	1.5905943928398016	2.5116250297321834	2.5512931007919457	2.348357956030235	0.47698381291789144	3.1376684181722108	3.1021610715920667	1.2106894780148847	2.2897764090373807	1.5831353317502836	3.4620333580506317	1.2398278869550006	3.195742997353193	0.43764575868668126	2.5618816459557774	0.5657629973497926	2.1024581643281444	0.32476953798032515	3.6248388258110564	1.7009435946163236	1.69540698627006	3.5389330613236796	0.8604527151954161
S20	0.9729472618067627	1.5616539968008367	1.108811077301288	2.311984548496313	0.9391469251589432	0.5577721500733371	2.441920119956265	1.6292977637227184	1.79126166347332	2.528698113755737	1.388546206597081	2.606852620729423	0.7841020527865536	2.8477569016725224	0.31707475178012573	2.2620324745453515	1.0884062318901575	1.9551343874664084	1.2067743751565805	1.1857596758607436	1.6246712496551452	1.0927264832353591	1.6290575687244193	1.85504182937637	2.671681461365032	0.6002434358979821	1.8633918703660666	1.8480536954850897	1.6234311651817184	1.9711650242638938	0.0	1.02509096818242	2.011520292050689	0.6868603841214158	1.4315282881608902	1.3761706502912079	1.9024257697835911	0.851820777359469	1.5675436349811604	2.046431986310692	1.4866674740212926	2.3135269141703385	0.5181234440746265	1.7867096634445145	2.974895643407803	0.5625133832065365	1.857068618845489	1.0148972473847497	2.6855505449920103	1.368918055112204	1.9146286373801562	1.8853844520427754	1.5419094007314973	2.0833079037836253	1.11439906906901	1.8963570176808702	1.5207686570805645	1.2163813212347339	1.4963584307341915	1.5590038234260855	0.6861783719935576	1.8871193163875115	1.0084415363353996	2.113900324691839	2.0414641263710114	0.27851762045754574	1.2272805020119155	1.660025005719013	2.0838352562893903
