	S100	S101	S102	S105	S106	S107	S108	S109	S110	S113	S114	S115	S116	S117	S118	S121	S122	S123	S124	S125	S126	S129	S130	S131	S132	S133	S134	S137	S138	S139	S140	S141	S142	S145	S146	S147	S148	S149	S150	S153	S154	S155	S156	S157	S158	S161	S162	S163	S164	S165	S166	S169	S170	S171	S172	S173	S174	S177	S178	S179	S180	S181	S182	S185	S186	S187	S188	S189	S190	S97	S98	S99
S100	0.0	2.5690049235759504	3.4205315384150254	3.0488212273295168	0.7594519405777729	2.9261980308860323	0.8466928963888125	2.97379289142726	3.613898515895984	3.7177659049986267	1.37601935120399	3.481469709808422	2.016992897405468	2.4282614998018954	2.977995262116654	3.987804857862776	1.1337832433216448	1.880566854119127	0.9216213358146755	2.726788128166052	2.743733810805667	1.831829779939016	1.945621908371361	1.836442387839298	1.0685114053947078	1.1776563540074205	1.075555608528916	1.5805361078993387	3.075335809916217	0.9751651901873705	1.2364856536396616	2.178655744602264	0.9664192714336479	1.0426807536966496	4.442502552691735	2.1794051014283378	2.685818771544299	1.8877707981529852	1.3225762280375044	2.9413100574218	3.405591254557529	0.5793201338499876	2.239703119670707	0.9312927259148381	1.030953775230574	1.9858531686348193	2.8777290024011095	1.2745875063533163	2.677850076342094	3.4411010425294286	1.02106058128434	1.729439427601774	2.843586689045336	2.7989836517007562	3.4765487631515555	3.2852601353077238	0.7608909530730158	1.0640939937540064	3.8836473552161985	2.0860154016497168	1.2770144616011667	2.488953464084787	2.04199458973414	2.8847313051251806	1.8704948523405336	2.2095449659236013	2.234525784889045	3.393099892288929	0.5132717032657621	3.5580119351491692	1.0977468515568973	2.4444405218134175
S101	2.5690049235759504	0.0	2.5167290273691076	0.6456026183817468	2.1360768546712605	1.3192208337948752	1.9578433742267507	1.0125019915147424	2.498195180062759	1.2226446362402932	2.5717773656506773	1.7083517716438656	1.4953827953322516	1.127474870287535	1.9637078548401041	1.4333373075093028	1.8993859828195974	0.7785570966116441	3.276041297951278	1.543225415017056	2.373714021012919	1.1733526839307769	0.9143058141222249	0.8394529137240806	1.5907616158294116	1.4856176922972044	1.5778363649188616	1.0303610519763777	1.5896227677813886	3.0676768544234765	1.4006441043793916	1.7170194795046012	2.338789309149149	2.094037675053746	2.136820734957598	0.5607834030589671	2.1028780157294356	0.8954505551294	1.5382141287267053	0.920954277528092	2.212757690820563	2.356481394570402	1.4207549266631585	1.6487239280187935	1.5998540116684792	0.6631631081815474	1.833853276386159	1.3952772539585812	2.427707949083158	2.723137168871992	1.7239532680655187	1.0607558098134797	2.674798576903694	0.7991009596099657	2.512349235135222	1.513142904018169	2.2763229952710877	2.2311630170590275	2.546027069378005	0.6284225357205866	1.676709240534525	1.1905436096944653	1.7543153468703414	0.3671053883405839	1.359717012685173	0.865274330945485	1.8911202791429118	1.2802134558816236	2.621575805167658	1.017651384106119	1.61359430869663	1.7898463547246999
S102	3.4205315384150254	2.5167290273691076	0.0	2.1486006322539604	2.9237196958747242	3.8292315362192197	2.5931214582947906	1.6220602554467636	0.40397698796153503	3.092929320331087	2.3252828412946642	4.092249787148894	1.6937549310745967	3.4701649004917727	0.5977053627370961	2.8055850189898006	2.2960314467445264	2.847774454885073	3.4963917435805385	3.8996054328675673	0.8503809897454232	2.2570661943258763	2.0426760748827917	2.481687702407001	2.691395133392941	2.660207956113138	2.540334446798328	2.6054480982661645	1.11084855127895	3.1311958849447716	2.4849664793882265	1.3111778286138251	2.545738905846442	2.452982353133236	2.2400168072355315	2.752699957537742	0.7853364534786601	3.0348795542353053	2.244753445583343	3.4250824807287854	0.6258300510080577	2.9605442855656725	1.3597344586712306	2.9594302238122085	2.601139485248091	2.7444851484165924	0.7085642039041641	2.6799036978426383	0.9163783540817946	0.2908201908621481	2.4978016277481934	2.1192894592288236	0.9268468489637601	3.310279560481337	0.21347721655176988	1.2692038960331398	2.700610051225129	2.411654254885299	0.6364811065892511	2.8585642088370253	2.193660279239902	1.6516148380975995	1.5604303929331937	2.7578073649493935	1.7066130082185007	3.2102021852428697	1.3262315327089933	1.6689811306623827	3.109191306431167	2.5359039107156782	2.665081972030649	4.044782952297553
S105	3.0488212273295168	0.6456026183817468	2.1486006322539604	0.0	2.5549360091747224	1.8274645332945094	2.3348404650246386	0.5794707998229724	2.068931847985093	1.0607486971664484	2.785308052935737	2.050208453007996	1.5874733948624404	1.6930336146759906	1.6565484231399477	0.996068671663215	2.2026050578810987	1.3938754911451943	3.6581115656614362	2.066072030972127	2.1963187393171313	1.488032087209343	1.182241288306392	1.3119895678901732	2.03673338108933	1.9433668179955108	1.9930154940325648	1.5280587272152566	1.2152011529645053	3.403188473363551	1.8210610708361648	1.6958699658490883	2.6453590352062637	2.405747682063655	1.5023702045442868	1.153892712613994	1.9116488577389639	1.5269792348434466	1.8655438056698501	1.3754069785656924	1.8139245448026355	2.759773749702694	1.3819079680737023	2.1655588756117754	2.0287269052191923	1.2560737576582734	1.543573179722825	1.8687061243925656	2.282299684278819	2.38689761360048	2.107660700996986	1.3764764311674533	2.504146381938735	1.2970002993627603	2.130629178746187	1.0240997455240726	2.632559801074052	2.518728252856105	2.0477191512377853	1.2559469518550201	1.9743454121364827	1.1276827571902246	1.7918186789243704	0.6792293222024085	1.490511675172034	1.492112161836535	1.8649614944687265	0.6871774074925295	3.021120767769326	0.5662359415893613	2.0443386325598603	2.363156903365017
S106	0.7594519405777729	2.1360768546712605	2.9237196958747242	2.5549360091747224	0.0	2.6556314100895837	0.5419339735170443	2.4952179920458515	3.057683391080205	3.216288240616851	1.052102688644677	3.099762275074927	1.7101578568141014	2.05779416138931	2.5006075772442404	3.4950815402406175	0.8233264776477559	1.5683286359498616	1.3421901451024507	2.387169974783714	2.208340162264231	1.6139612762700901	1.5508631768386658	1.5441794806207632	0.554690636807522	1.02227512678182	0.728755467142815	1.1164510653862567	2.6369364477378894	1.201698863424779	0.8196730592911357	1.7691825715558374	0.6597881571390948	0.5284129923562337	3.9174258162032682	1.8851941769190188	2.1514602012467283	1.5690106284392873	1.005278629777995	2.6365807393910705	2.9694383954164483	0.3253230754368073	1.770293218307273	0.7835921059514792	0.6646509889185335	1.5664069969301628	2.3763188733839886	1.1211859088306473	2.305551471614612	2.985010466497428	0.7436360319171164	1.3287138615705363	2.3536117844045834	2.4507395626928545	3.008757644942595	2.8109927502366308	0.5061393763965691	0.7066377874864127	3.3455771675152253	1.7010801636251778	0.8736110194977629	2.140337579821995	1.4192895125287024	2.4610969821083897	1.389245912442177	1.8713099609621597	1.900832757391037	2.899371061171141	0.6061500637954076	3.0746418269363773	0.5227585620556396	2.1705808878169375
S107	2.9261980308860323	1.3192208337948752	3.8292315362192197	1.8274645332945094	2.6556314100895837	0.0	2.655799036720945	2.309031673964358	3.7948595328854124	1.5441078756139741	3.4430019606375493	0.7790879164268177	2.6373800915032484	0.6916276711415066	3.27647488458013	2.0671479620984927	2.7437088401532814	1.2794028356791904	3.8080997614276257	0.6838327393594942	3.605538143948911	2.1242843419409896	2.0226914959920514	1.6949893867693662	2.1866110548919675	2.136504790246015	2.2848868425071687	1.6999984701379771	2.8967742714908167	3.713175451626417	2.137946498322358	2.9258791779534916	3.095207403718468	2.8593382119227635	3.1110036003365313	1.2580616591447717	3.3579652099114248	1.1437694756829624	2.4178858306712505	0.5235683988259803	3.527138147476906	2.9082541036193956	2.6603996172023625	2.087558742712482	2.267692554721418	1.2776797129083324	3.142358907052047	2.034739938888509	3.6756363346046577	4.034149168580024	2.464488467811568	2.075824669813369	3.902431324710585	0.5331949836127303	3.83079121420481	2.8012087941516937	2.954013563997317	3.0346479923305507	3.8410996675900533	1.1221487266223	2.5642032219860735	2.428308938743575	2.85404207275761	1.151203343966202	2.4880928853698814	0.8152604936658358	3.089998969260673	2.4996533844967166	3.1586453246936044	1.8498368421703077	2.223542223169322	1.0159870374670417
S108	0.8466928963888125	1.9578433742267507	2.5931214582947906	2.3348404650246386	0.5419339735170443	2.655799036720945	0.0	2.1888469173342733	2.775703877117135	3.1232284868373004	0.8855315416010647	3.174418424346659	1.239545961490919	2.132229100697137	2.139299808444301	3.3129415385805547	0.3233635707544372	1.4313774137097572	1.331250611057689	2.5226553354407737	1.9478385269108147	1.1881839577808113	1.209127195587073	1.2505667719202318	0.5348597027040006	0.6673907205308964	0.3949755828903301	1.0259755980711738	2.2557943049678797	1.1163592096618609	0.5646403486955499	1.3520520408839194	0.4760732745771607	0.3827521801308251	3.6555299937031136	1.674518659827418	1.859781372741249	1.514873849708739	0.5460205248612613	2.5436022510739016	2.5781673629271955	0.5072414492296305	1.4010570366506516	0.6596883860690309	0.3915766734829835	1.4807134342741743	2.0339636285102882	0.7866954440642033	1.905858790382313	2.634344062254264	0.27601556043901815	0.9871895446200691	2.085315290210266	2.386777528909989	2.650113848090242	2.468595674226683	0.34045388749003774	0.44378787294178207	3.0393132160589116	1.616877460248594	0.43672235181626834	1.7239854955462426	1.2306990587140494	2.309606645139098	1.033580976457562	1.857056090717672	1.4421614795039837	2.6049447251063267	0.7077775215343965	2.877663409149083	0.55077852519415	2.369215350102957
S109	2.97379289142726	1.0125019915147424	1.6220602554467636	0.5794707998229724	2.4952179920458515	2.309031673964358	2.1888469173342733	0.0	1.5994027474852455	1.6187632788682642	2.5086079450741514	2.6043332033850666	1.215635109902681	2.1111455267809167	1.1105037276901393	1.4078664847932676	1.9867657231679208	1.58969673248875	3.460428150105453	2.5265827780777803	1.7517699933179018	1.3249931542245434	1.0438348055739708	1.3310647169154715	2.015849315242932	1.8715408548372765	1.900620319727775	1.6124824923189571	0.6369514021521586	3.172203409250958	1.7584785327380026	1.2575663884804804	2.4388939835796677	2.23361080261225	1.4820013671002374	1.3659846399834172	1.4549956977589618	1.7757901782138295	1.6829768672396745	1.8540615662495321	1.2476389374210544	2.6476195887566316	0.9778048056707853	2.1664235884856398	1.9539947315431225	1.4909581234591556	1.0193232696233134	1.8179382013229186	1.7587518053022853	1.843448233270319	1.9671116452455013	1.24796149461852	2.039044423209418	1.7781863301270626	1.5838285084060497	0.5012773878886484	2.4651326597140453	2.300098526152875	1.5806155154159875	1.5375302803163826	1.7766661586273806	0.7183645531806255	1.5204164764554857	1.1842527547924222	1.2137636604384425	1.847024187445745	1.3956900412647346	0.42090155134946233	2.883293169034543	1.0305334146229086	2.0210170286604487	2.764190672463442
S110	3.613898515895984	2.498195180062759	0.40397698796153503	2.068931847985093	3.057683391080205	3.7948595328854124	2.775703877117135	1.5994027474852455	0.0	2.9287317233043835	2.54052852084604	3.9830116955502737	1.9111597972838923	3.4383019234873906	0.7890070327607199	2.634800022892127	2.4986398448535736	2.9063491248886915	3.7451480511203044	3.846984462549936	1.016438297371278	2.42578915029008	2.15306789691468	2.5870963354533307	2.805926953710857	2.826285429758196	2.6942646318525654	2.671149394468994	1.1943828778610213	3.3816318780803223	2.615123480031329	1.537071926365773	2.74532123246929	2.619702297460293	2.021104134045586	2.8072214375162208	0.9464567869813308	3.0765810119930577	2.425110396959567	3.39389526087224	0.8086447518336404	3.1320004761841242	1.5083315178288283	3.102224872121333	2.748606692442788	2.768692563352156	0.8419584777880144	2.838574989573569	1.271080351415385	0.6614292548249742	2.677207455618697	2.242677244198384	1.1484881980903834	3.2717444897113532	0.5266720667872384	1.2459778123768481	2.8932520222287192	2.610494947306945	0.3985613948332608	2.8773766532590512	2.370969793407851	1.7954950381034045	1.6474691258271108	2.7048929985490036	1.848143267815708	3.2142351565997678	1.6056281738807257	1.5765648524076166	3.3044752629866387	2.405331413081599	2.7732412878741965	4.022013848572672
S113	3.7177659049986267	1.2226446362402932	3.092929320331087	1.0607486971664484	3.216288240616851	1.5441078756139741	3.1232284868373004	1.6187632788682642	2.9287317233043835	0.0	3.6583284471252653	1.3873069547525962	2.6011202539221103	1.6489794480385662	2.6657883422867155	0.665207105001003	3.0676881357685404	1.9001235432294008	4.446227016174855	1.8068692267480808	3.141700753158312	2.372428763957421	2.0896837183077657	2.0604707869261563	2.7058155458099806	2.696544410919043	2.756314846599141	2.1468837083995935	2.2345413044809885	4.2318363396156355	2.5690113779430486	2.724315906979714	3.4677500698303043	3.2013378801828405	1.7444848710493734	1.7026668272593828	2.879174376860337	1.9104852032089992	2.7295217429125636	1.2169214532500126	2.7908412361423625	3.47674766373356	2.400904190327429	2.807646556861543	2.7683685843552652	1.7370368293773009	2.5487297466926124	2.607443828716274	3.3188972251239117	3.355862526136526	2.9117095855749855	2.246697971138879	3.4612591414389735	1.1875740485002486	3.0885276863436535	1.9789253454544984	3.420252957663547	3.3588340895983855	2.869306702942267	1.6617095999551044	2.8362865549368803	2.1662214876710775	2.6695157000066008	0.9099715443508967	2.4412116329239595	1.6731321006950794	2.90960762187482	1.5472611747685834	3.7574635136918744	0.6826944925106732	2.711253254348003	2.2340365188052203
S114	1.37601935120399	2.5717773656506773	2.3252828412946642	2.785308052935737	1.052102688644677	3.4430019606375493	0.8855315416010647	2.5086079450741514	2.54052852084604	3.6583284471252653	0.0	3.88181760927364	1.534128010885561	2.87630851512444	2.0491984825128196	3.770605288213459	0.7968243736030867	2.212615977798361	1.2466873573354365	3.266242425920653	1.5521307758105893	1.805290541847794	1.7545887326463594	1.9684260924272614	1.2936759183223348	1.4974627425914528	1.2120790208511887	1.7466495329754397	2.392218924455743	0.889489874053115	1.3253376627813527	1.3827954343199884	0.4492109626966131	0.6078692217008145	3.888261327937528	2.4141328985563795	1.604287792965026	2.3084244676767964	1.1672180600617257	3.2927000254855314	2.502420994579303	0.8967889272603647	1.5565607965464106	1.5408550926565492	1.2242417114047082	2.1985430334397242	1.973775010126639	1.6114000750979371	1.5811102107883555	2.300276870863565	1.077269026974113	1.5691473013844048	1.5709176319843712	3.1200796938654505	2.4220235249936564	2.645887347045601	0.6733021369822434	0.44256834571922304	2.8724378051585444	2.3535930576758406	0.949574931096535	2.076008382183001	1.153025069741423	2.9340034289638823	1.3190312777188804	2.628559570935498	1.434638336724103	2.8855918437313157	0.9135788894918759	3.349366023334222	1.2581359760911173	3.12921525486391
S115	3.481469709808422	1.7083517716438656	4.092249787148894	2.050208453007996	3.099762275074927	0.7790879164268177	3.174418424346659	2.6043332033850666	3.9830116955502737	1.3873069547525962	3.88181760927364	0.0	3.149693216044752	1.0594159776579586	3.594342142686083	2.025765212276612	3.258819257610653	1.8656019461473539	4.351251519290229	0.8169192947164604	3.8921893944686135	2.7192607406820395	2.519129088931653	2.2783528291187487	2.663772805565494	2.7395437439779013	2.8175324599114298	2.1746939726338033	3.233428380412979	4.239776875442778	2.6513221370691973	3.3598342451624323	3.570441971337093	3.3084406280866174	3.123949933707782	1.8569448495420993	3.656896804695218	1.7136462369942753	2.954032006552591	1.0542794938882936	3.840423901542622	3.3893503590618588	3.0619928395419067	2.6650904670885884	2.794058117326209	1.7577620836383574	3.450657315269967	2.649708969126807	4.076790277904475	4.329162912093107	3.007001304338461	2.580803988225285	4.205878647635296	1.0094756844156325	4.114049517763852	3.0733523246571735	3.4494431284924754	3.507137214251858	4.017760599343032	1.632387086390766	3.062027036492975	2.897308071002923	3.168338187067906	1.462235783387006	2.9212050350747085	1.358394633492412	3.5563870258310715	2.710972965828192	3.6583826671882895	1.9349246736700116	2.6790280099063297	1.25174373487362
S116	2.016992897405468	1.4953827953322516	1.6937549310745967	1.5874733948624404	1.7101578568141014	2.6373800915032484	1.239545961490919	1.215635109902681	1.9111597972838923	2.6011202539221103	1.534128010885561	3.149693216044752	0.0	2.297123599075309	1.1396518259017068	2.549343182542078	0.9655882136913668	1.4409677135903458	2.3548309758372925	2.7579137540109357	1.4302402943731578	0.6202501394430675	0.6376599149186064	0.9800946796463953	1.3478365231393052	1.0546914321817573	1.0773525780334163	1.2719105990614623	1.1059140281218849	2.0659801709757084	1.0500152810248546	0.4656966924047365	1.451281456635352	1.3439677388545859	2.65090200792604	1.391017449505994	1.201571653675498	1.6626329695871562	0.7353541092630271	2.2968974195130185	1.4658211972783486	1.7347547616279646	0.5058140828997704	1.4316529777117062	1.1569781274911737	1.4787880861517002	1.0754881646489791	1.0605609302767416	1.149831369409454	1.7574873065902916	1.0327327318459072	0.6615742110413569	1.6181746873587946	2.2000173114016555	1.6730077355571962	1.3722996297965626	1.4872681434185975	1.317013591478275	2.0650606756395504	1.5870240168644756	0.8408777702300761	0.5831029173840133	1.0765626470423166	1.8384192745623167	0.5244285460070757	1.938546802723696	0.4914324526565231	1.60432738269623	1.9003544602931746	2.1259987032366663	1.3704912585690179	2.8057211510564373
S117	2.4282614998018954	1.127474870287535	3.4701649004917727	1.6930336146759906	2.05779416138931	0.6916276711415066	2.132229100697137	2.1111455267809167	3.4383019234873906	1.6489794480385662	2.87630851512444	1.0594159776579586	2.297123599075309	0.0	2.9359927413559563	2.181630872790055	2.244758680715189	0.9193101057001256	3.2925092898096016	0.4614236156809532	3.1276970426421378	1.8447261666120243	1.665242364422216	1.3858361266594905	1.62117997474956	1.7259392956863895	1.786500300938427	1.1705204245766963	2.668063860600704	3.1841725764339404	1.6317130731331906	2.5246550448027305	2.5372091633511302	2.2860400135650103	3.1067105386204155	1.07321785612387	2.9101950271529353	0.713865803613912	1.9649261037299224	0.8754369985652353	3.263969217950043	2.3382082363286902	2.266425428418777	1.6132464552204733	1.7558857780358996	0.8200019523858414	2.78586050242441	1.648101829555123	3.2714729233909363	3.668564895185235	1.9781561830343581	1.6654755729985538	3.4194434405204497	0.6691630537970811	3.5038746916647288	2.6098204135188863	2.4034938958192313	2.4831148742042477	3.5486877743279184	0.7171394555349181	2.0655713705195478	2.1963061959102066	2.3164470657072203	1.1215302133705756	2.0392932704196873	0.40286186322354756	2.7169584737131496	2.3676304465156224	2.6036030662230343	1.885179394895774	1.6424021046762907	0.6730070845488431
S118	2.977995262116654	1.9637078548401041	0.5977053627370961	1.6565484231399477	2.5006075772442404	3.27647488458013	2.139299808444301	1.1105037276901393	0.7890070327607199	2.6657883422867155	2.0491984825128196	3.594342142686083	1.1396518259017068	2.9359927413559563	0.0	2.42651600532385	1.8456493665218665	2.272847520886691	3.1675030475104995	3.376758768702172	0.8414797972293895	1.6727345013127055	1.4605423405102174	1.894406599559016	2.2004758332009975	2.1160167669934937	2.0321639821186963	2.066871297951058	0.615211570399124	2.818902707602537	1.9647952502311252	0.8134323231981446	2.1789256336913465	2.0590375020713205	2.0675949359962544	2.165781970645337	0.5912909854857289	2.4702267578079	1.7287732735117565	2.8708245672440404	0.5013562454569659	2.5556854996069784	0.8054913966446908	2.433638240281738	2.0968450698209344	2.1884388184964614	0.16985596052649615	2.1238992647375756	0.7808769739884348	0.7627922652252245	2.0044922752944916	1.5545669039394037	1.04716227224191	2.762196986750672	0.5870348681162884	0.8549953486749966	2.3004025284429597	2.036368367962896	0.9428486428470283	2.297230054818913	1.7156951201902135	1.0595630374368106	1.2034870759856628	2.225071080414688	1.1822829913363389	2.65293259121565	0.8643052662895823	1.2630787560233676	2.7264737630318665	2.1015239814366895	2.18495315674772	3.518853912669198
S121	3.987804857862776	1.4333373075093028	2.8055850189898006	0.996068671663215	3.4950815402406175	2.0671479620984927	3.3129415385805547	1.4078664847932676	2.634800022892127	0.665207105001003	3.770605288213459	2.025765212276612	2.549343182542078	2.181630872790055	2.42651600532385	0.0	3.1953236423674003	2.198119945491527	4.6409596478170085	2.406211764839729	3.0297415582060623	2.4221957934770666	2.1635257872201374	2.2195658919399053	2.9730349417759996	2.8838812688118516	2.957700897154578	2.4291035641124106	1.9353392658182023	4.394341502471992	2.7801852899475397	2.646537853452644	3.6326901867869976	3.385102722832482	1.135890564093673	1.927649589433065	2.7557960161767774	2.275953081419257	2.8518319712485938	1.637259050714527	2.4374738298359806	3.7215276102447423	2.341628803385308	3.0774066877150164	2.987102591559133	2.064628345041476	2.3429050469138115	2.796446979875798	3.1445740858426614	3.066926240958551	3.084215946244091	2.3589697630899034	3.3337736774834212	1.649990918308013	2.7680378894711075	1.6331303371985098	3.6135315740022604	3.508262203835911	2.4946023648250635	2.0098339827703273	2.966225026377893	2.028147986045844	2.7299507097676847	1.1866619703681287	2.483030072027403	2.109558215495389	2.7978356250370884	1.1844194550616476	3.9902343787554573	0.43974748053634893	2.980575517773863	2.8125140564926374
S122	1.1337832433216448	1.8993859828195974	2.2960314467445264	2.2026050578810987	0.8233264776477559	2.7437088401532814	0.3233635707544372	1.9867657231679208	2.4986398448535736	3.0676881357685404	0.7968243736030867	3.258819257610653	0.9655882136913668	2.244758680715189	1.8456493665218665	3.1953236423674003	0.0	1.4780728777091496	1.4754281173545136	2.6622934543947685	1.6790214081628085	1.047099305051097	1.0626418719759785	1.202515954385063	0.7188154137585488	0.7172291913500117	0.484730934215285	1.0848355718507272	1.9874377718175293	1.2032447166592832	0.6142638661092551	1.0478897930803905	0.5238253699801498	0.44702666840966887	3.4515523993001787	1.6608803863181423	1.58261538426842	1.604079795545932	0.3903157338327406	2.5709592539758455	2.2772242035049675	0.7789053019058132	1.135554690254827	0.8696664172300242	0.5309151826791392	1.5177863768604243	1.7505926551637006	0.8258735314161345	1.5895422128906525	2.3277848441439937	0.32288369871009986	0.8589195186580785	1.812353872348844	2.4219255300239473	2.3459550431662373	2.222265540221964	0.5219908613961165	0.414777282315481	2.7581065078320974	1.6590859535044646	0.23455167815683095	1.4887557928396395	1.0339798070844402	2.262864215288589	0.8001206682189547	1.9435487426749254	1.124326431299724	2.398635216501625	0.9399591913075229	2.7590383695709897	0.7282120653277816	2.5572975911783375
S123	1.880566854119127	0.7785570966116441	2.847774454885073	1.3938754911451943	1.5683286359498616	1.2794028356791904	1.4313774137097572	1.58969673248875	2.9063491248886915	1.9001235432294008	2.212615977798361	1.8656019461473539	1.4409677135903458	0.9193101057001256	2.272847520886691	2.198119945491527	1.4780728777091496	0.0	2.6725438492108293	1.3643772458589178	2.5076191430440997	0.9353689694751568	0.8460865375273251	0.48276830042639673	1.0304213635496577	0.894030138639361	1.0413478511727328	0.52850059762442	2.0216236739927513	2.5240895644730785	0.8927391941453481	1.7443186325323454	1.8776081954286752	1.6555048857343289	2.8896828934912477	0.3758321990420398	2.2766515394832165	0.24577896054590026	1.139516494150858	1.113832829609857	2.602642244883581	1.778202306252883	1.5332830089797067	0.9525511203282758	1.0419512650945058	0.29085619779516547	2.141024272010325	0.7959623936416631	2.507766082534632	3.0034147714557595	1.2106827783715735	0.835829648640361	2.772890670740886	0.9751364083907693	2.858296494840024	2.0611910518012406	1.7547273510969517	1.802785675876573	3.0291844485488526	0.2842181925686122	1.2986211573861826	1.4205679592409726	1.7332029193386684	1.0324374170521808	1.2872742504077463	0.5313854332256247	1.8973320427410993	1.947471379995914	2.028950771263535	1.7919911527075905	1.0811154143185902	1.4102830740550025
S124	0.9216213358146755	3.276041297951278	3.4963917435805385	3.6581115656614362	1.3421901451024507	3.8080997614276257	1.331250611057689	3.460428150105453	3.7451480511203044	4.446227016174855	1.2466873573354365	4.351251519290229	2.3548309758372925	3.2925092898096016	3.1675030475104995	4.6409596478170085	1.4754281173545136	2.6725438492108293	0.0	3.6126295513003597	2.777063609426083	2.3794196130324865	2.5048269526177176	2.5174054399259127	1.7622277572211684	1.849024755970999	1.6985725378661776	2.313319258250942	3.403906269491118	0.37298851423747603	1.880574962880697	2.4027988695860634	1.097667300210655	1.3487473984287461	4.922514121121206	2.9313047385932176	2.8048526611029243	2.7196649944692033	1.8079777893775957	3.7727927925532665	3.5814722926196665	1.0253751215739026	2.5715205838715165	1.7374537268607426	1.6815742878916458	2.7590024374633866	3.1001352221625185	1.964135779989752	2.6577639513158107	3.445342347679428	1.5617717825912218	2.292823049889628	2.7714832716740943	3.6284090776340436	3.5619278618601937	3.6684030133865244	1.0569586593158504	1.227889334030586	4.051620382211103	2.8796647389334775	1.6960496526644007	2.9152388204745936	2.306334223520052	3.621122368581909	2.2659240281935373	3.0568230837395545	2.3963231830677003	3.8712127858488388	0.736463713005545	4.204178246314384	1.7672623551616038	3.3426038769852875
S125	2.726788128166052	1.543225415017056	3.8996054328675673	2.066072030972127	2.387169974783714	0.6838327393594942	2.5226553354407737	2.5265827780777803	3.846984462549936	1.8068692267480808	3.266242425920653	0.8169192947164604	2.7579137540109357	0.4614236156809532	3.376758768702172	2.406211764839729	2.6622934543947685	1.3643772458589178	3.6126295513003597	0.0	3.5523999031165046	2.29624447813865	2.126613072285908	1.8383433606593893	2.0042951150136536	2.141386064388156	2.1972818419814053	1.6040275857410202	3.103081847218926	3.533021237959028	2.0525459740151284	2.9806075417886007	2.9172113295986537	2.669590903239102	3.403712472961238	1.5080981528624071	3.3421538951669323	1.1473432920682625	2.401449015949675	1.0798814694754	3.7004919621173475	2.674174528846673	2.7203206158962194	1.9828808040555577	2.15865137844792	1.280103170984596	3.2244205514676425	2.0668589094476473	3.7234563866212995	4.105654878081694	2.3893565042116816	2.122719487176681	3.8460066216788227	0.9306286102616603	3.9379445868355063	3.0235641718235358	2.7734810308176447	2.8750968277450606	3.9523341391533404	1.1769244270230887	2.4932764683017767	2.649981846196642	2.734092714714058	1.466046490891505	2.4909833505947594	0.8431877147276666	3.1760291700275194	2.7504804536372536	2.931219290329418	2.1720677319619988	2.021973481827259	0.45887286927514337
S126	2.743733810805667	2.373714021012919	0.8503809897454232	2.1963187393171313	2.208340162264231	3.605538143948911	1.9478385269108147	1.7517699933179018	1.016438297371278	3.141700753158312	1.5521307758105893	3.8921893944686135	1.4302402943731578	3.1276970426421378	0.8414797972293895	3.0297415582060623	1.6790214081628085	2.5076191430440997	2.777063609426083	3.5523999031165046	0.0	1.9877300810324658	1.7472761899326301	2.17876882969831	2.0845679942947197	2.1841718703051334	1.9765241355007135	2.1391179041543245	1.4200352421456337	2.4091333069154413	1.9461361804879402	0.9651573833569694	1.8142551605894148	1.7296604791574888	2.7487182139146724	2.524736286019439	0.30069335685711257	2.663581459588956	1.7334822789004243	3.286950612527147	1.2555229203219551	2.23504580922302	1.0696610027777465	2.41042069457389	2.0241848581351745	2.3946352612553303	0.8095019708800542	2.23426658477474	0.7014692330366326	0.8884790545570049	1.9214246955632497	1.735385943289088	0.32375071813675577	3.1292768065895857	1.011322014268763	1.6263262853255507	1.9913123206843113	1.6920448564720962	1.3835656656731845	2.538413313263129	1.6070318224870175	1.6361255201447993	0.8910453950261115	2.67774140300108	1.2596417608337926	2.8841302387136842	1.0572561084830492	1.9610167761075525	2.374911856824171	2.6893160928274127	2.0426960966539407	3.614901388371704
S129	1.831829779939016	1.1733526839307769	2.2570661943258763	1.488032087209343	1.6139612762700901	2.1242843419409896	1.1881839577808113	1.3249931542245434	2.42578915029008	2.372428763957421	1.805290541847794	2.7192607406820395	0.6202501394430675	1.8447261666120243	1.6727345013127055	2.4221957934770666	1.047099305051097	0.9353689694751568	2.3794196130324865	2.29624447813865	1.9877300810324658	0.0	0.44403337300253415	0.45897481085321556	1.1454024645624352	0.6837228971558835	0.8859515039407234	0.9418772223306794	1.4681330394464824	2.162913033498303	0.8302195694988651	1.0524118748241107	1.5670018292957402	1.4282180678188792	2.7740465478220906	0.877359349971083	1.7506465890391942	1.1697773068418984	0.6760629823559734	1.816601569208719	1.9646263342100343	1.6829985791945514	0.9619724580868393	1.073547535525732	0.9548399206166942	1.0669006276795714	1.5869489973547422	0.6239482642919281	1.769272454374706	2.350068033294621	0.9155499283996201	0.4709419389397044	2.200311205053551	1.7408608556118168	2.230907221155845	1.6452525179651667	1.5110601424133792	1.4591349683690689	2.5460005449872445	1.1395104286007407	0.9016217039810308	0.7620970978226937	1.426523300103078	1.504865590397001	0.8033318809226532	1.4555619332588332	1.1096429812903623	1.7292805510920346	1.8718729208324576	1.9882508796592315	1.1999202959918787	2.3319040705135996
S130	1.945621908371361	0.9143058141222249	2.0426760748827917	1.182241288306392	1.5508631768386658	2.0226914959920514	1.209127195587073	1.0438348055739708	2.15306789691468	2.0896837183077657	1.7545887326463594	2.519129088931653	0.6376599149186064	1.665242364422216	1.4605423405102174	2.1635257872201374	1.0626418719759785	0.8460865375273251	2.5048269526177176	2.126613072285908	1.7472761899326301	0.44403337300253415	0.0	0.444085063936663	1.0493313911026854	0.8293231073387245	0.8829050124019225	0.7380023874490881	1.28072900413659	2.2594669689974523	0.7535216998538751	0.9176869942415061	1.5531225019722605	1.3529622203371723	2.5153390688981254	0.8122911501232344	1.4982062010787252	1.0636747917565488	0.6978507914214603	1.7066413312101043	1.8056631958229636	1.6841780578773344	0.7098955501835652	1.1386368819934003	0.9402205204318634	0.8500875287289943	1.341526680277378	0.7844175024113409	1.6775553011017372	2.1774456078058395	0.9600572240844322	0.22532349108422925	2.002099575458939	1.5860739300151192	2.0447329073397325	1.412056003199543	1.5232582709875992	1.4311765788644477	2.290766375904425	0.9565829157852791	0.8508388125560099	0.6753435960273498	1.1197671217886815	1.2759616160006815	0.542851679500788	1.3139646858654488	1.071318293897997	1.4626715566515036	1.9157146828076728	1.724179804362962	1.0775618261296231	2.201323260559301
S131	1.836442387839298	0.8394529137240806	2.481687702407001	1.3119895678901732	1.5441794806207632	1.6949893867693662	1.2505667719202318	1.3310647169154715	2.5870963354533307	2.0604707869261563	1.9684260924272614	2.2783528291187487	0.9800946796463953	1.3858361266594905	1.894406599559016	2.2195658919399053	1.202515954385063	0.48276830042639673	2.5174054399259127	1.8383433606593893	2.17876882969831	0.45897481085321556	0.444085063936663	0.0	1.0046606898638684	0.6810280916254298	0.8680864801279355	0.6100882423758898	1.653085739179676	2.327748924804748	0.7402403192271177	1.331247355559563	1.6786931499505329	1.4838388856910036	2.7396036079096673	0.4767097770512816	1.9377208778694388	0.7221471153639107	0.8189531484808643	1.4244298767832957	2.2108223324277887	1.6925452320394525	1.1514221490659622	0.9424090465277977	0.9068686484318926	0.6202184002674452	1.7792706143519699	0.5824958434959137	2.088974876487749	2.6142450165768647	0.9868350579424939	0.46721648343921574	2.4272106573526506	1.3217352487944893	2.4756971226655446	1.7512914402157793	1.5895005480067212	1.5822031001547643	2.7074709850564154	0.6826093542219797	1.0190169016757669	0.9946603555936637	1.4890936998875592	1.1688535034695113	0.9365033284627247	0.9983518831761846	1.4549638301381105	1.7260383808667372	1.9231587529261789	1.787144076699764	1.0592147923402602	1.8892412301948094
S132	1.0685114053947078	1.5907616158294116	2.691395133392941	2.03673338108933	0.554690636807522	2.1866110548919675	0.5348597027040006	2.015849315242932	2.805926953710857	2.7058155458099806	1.2936759183223348	2.663772805565494	1.3478365231393052	1.62117997474956	2.2004758332009975	2.9730349417759996	0.7188154137585488	1.0304213635496577	1.7622277572211684	2.0042951150136536	2.0845679942947197	1.1454024645624352	1.0493313911026854	1.0046606898638684	0.0	0.6108348989214301	0.33992031046495846	0.5731564984171796	2.230033169599844	1.591813737738017	0.3202986347031098	1.488936958741279	0.9190194700548564	0.6892557983819205	3.4434550864358298	1.3351015128047785	1.9558511338532525	1.0619007782700576	0.6580747682512125	2.114535064174893	2.644906284637878	0.7799042821398328	1.415284833720676	0.44912979769665856	0.26802834168915474	1.0320573745295318	2.0674859673369377	0.6773223692507547	2.150112295590259	2.7875049046414055	0.4930116210898767	0.8369828090433432	2.28575831809505	1.9354649329968365	2.754028580840942	2.3762612063584627	0.786070305128989	0.8776343362389758	3.0483474080595965	1.1702156550198617	0.6269886594046353	1.687870175092407	1.2363595404820866	1.9190554273801055	1.0265595774638032	1.381091741976859	1.6444216364061923	2.422697435610657	1.057097961377731	2.5487361941824083	0.08840797237177914	1.8638431407547698
S133	1.1776563540074205	1.4856176922972044	2.660207956113138	1.9433668179955108	1.02227512678182	2.136504790246015	0.6673907205308964	1.8715408548372765	2.826285429758196	2.696544410919043	1.4974627425914528	2.7395437439779013	1.0546914321817573	1.7259392956863895	2.1160167669934937	2.8838812688118516	0.7172291913500117	0.894030138639361	1.849024755970999	2.141386064388156	2.1841718703051334	0.6837228971558835	0.8293231073387245	0.6810280916254298	0.6108348989214301	0.0	0.35607695529062766	0.7071400995628617	2.044334080296466	1.6879787803784578	0.3999579358517829	1.3665439797941326	1.132569139539325	1.0000315730293727	3.3372383746848455	1.091213557181787	2.0102686059235553	1.0280112716439709	0.45939935245664365	1.9859320992591263	2.4917749195095245	1.0918855622143258	1.324012724292931	0.4116943769109301	0.3946399163314627	1.0413683078215534	2.0098249202703293	0.12227400726994392	2.0605338316934954	2.7366920169963107	0.423241578041528	0.6501348785024966	2.373999360358892	1.8666612502088564	2.6762174454297987	2.2213824517250242	0.9989090864055589	1.0707519759734754	3.0164478406838904	1.140326499643524	0.6412438424619745	1.3892803974450547	1.4540045609440326	1.8186971713446323	0.9862602351366886	1.3825669528885285	1.4516795318831153	2.289018295502456	1.286603694743973	2.44829596802226	0.6900283130194106	2.0450292406949644
S134	1.075555608528916	1.5778363649188616	2.540334446798328	1.9930154940325648	0.728755467142815	2.2848868425071687	0.3949755828903301	1.900620319727775	2.6942646318525654	2.756314846599141	1.2120790208511887	2.8175324599114298	1.0773525780334163	1.786500300938427	2.0321639821186963	2.957700897154578	0.484730934215285	1.0413478511727328	1.6985725378661776	2.1972818419814053	1.9765241355007135	0.8859515039407234	0.8829050124019225	0.8680864801279355	0.33992031046495846	0.35607695529062766	0.0	0.6631234659089567	2.051101721744433	1.503475724441624	0.19215199243727218	1.2731266875990406	0.8476955399936732	0.6689046325824524	3.366950128168049	1.2806555329814868	1.8335494594524802	1.1418048784317174	0.3528416543684778	2.1525155542227496	2.45438007941213	0.8305603393220055	1.2407335796793686	0.43772025778438906	0.08276296751651342	1.1004201555606754	1.915122021723915	0.45370276777092033	1.93929947067127	2.6167050914251355	0.19408314219178308	0.6610692443496816	2.163022215957629	1.9999002581621081	2.5833651600880674	2.2315327505149805	0.7296398580726867	0.7808643875431336	2.922781792803144	1.2327178619139159	0.3957208082776677	1.4703228244794542	1.1984616358860238	1.9253862136768605	0.8599771278117168	1.4870139154814808	1.3929669835565406	2.3189523892943225	1.0642792777298522	2.52239762154132	0.39720840427954635	2.085800652856761
S137	1.5805361078993387	1.0303610519763777	2.6054480982661645	1.5280587272152566	1.1164510653862567	1.6999984701379771	1.0259755980711738	1.6124824923189571	2.671149394468994	2.1468837083995935	1.7466495329754397	2.1746939726338033	1.2719105990614623	1.1705204245766963	2.066871297951058	2.4291035641124106	1.0848355718507272	0.52850059762442	2.313319258250942	1.6040275857410202	2.1391179041543245	0.9418772223306794	0.7380023874490881	0.6100882423758898	0.5731564984171796	0.7071400995628617	0.6631234659089567	0.0	1.9589626207897668	2.1340539477439	0.4828196984394087	1.4733552019814913	1.4283404613961153	1.1790616731493313	2.9907859363512714	0.8205744926021783	1.945746887615962	0.5881282796662576	0.8144151335417489	1.571009927586838	2.4691261235200206	1.3521265694603464	1.2883519749962902	0.7106471087260284	0.6500994886385073	0.46759471596558266	1.923337742318125	0.6747597833716272	2.2148575758566045	2.748448159540399	0.8499346840024815	0.6143477385306492	2.394065825007152	1.3882287380570475	2.648763375697018	2.040167278114443	1.3252658853910055	1.3523189421496293	2.856413179064741	0.617402129927174	0.8958250318003497	1.4095759930123446	1.2991047097471986	1.3482212096826587	0.9645903271552827	0.886434145968269	1.6568747334627476	2.00155852776439	1.625249186411463	2.0096308757883707	0.6005575712161274	1.57805777198858
S138	3.075335809916217	1.5896227677813886	1.11084855127895	1.2152011529645053	2.6369364477378894	2.8967742714908167	2.2557943049678797	0.6369514021521586	1.1943828778610213	2.2345413044809885	2.392218924455743	3.233428380412979	1.1059140281218849	2.668063860600704	0.615211570399124	1.9353392658182023	1.9874377718175293	2.0216236739927513	3.403906269491118	3.103081847218926	1.4200352421456337	1.4681330394464824	1.28072900413659	1.653085739179676	2.230033169599844	2.044334080296466	2.051101721744433	1.9589626207897668	0.0	3.0847999907560286	1.9544102530240424	1.0225127107386502	2.416858977755323	2.26662750480146	1.6556957723874703	1.8254203328606806	1.135016139071301	2.2331189801128652	1.755970618091052	2.443016563910304	0.6387402554051155	2.7240147262135217	0.8821273308408368	2.3895849686374566	2.1183115941313	1.959738260434537	0.6135158540068639	2.016812001820758	1.2813744701851641	1.291516111070722	2.0583876770333283	1.4495685660976572	1.6503053337346465	2.3736572092170034	1.023930401646351	0.34447051867821404	2.4884797062604282	2.272159435424752	1.163776103833113	2.032258198578357	1.8211858270711319	0.7178089488027094	1.498642669283977	1.8007765224341448	1.248755092695309	2.371496339679849	1.0737165949314722	0.7620944702894914	2.9191564881879923	1.6113310093348685	2.232349957654025	3.297542467296256
