	S100	S101	S102	S105	S106	S107	S108	S109	S110	S113	S114	S115	S116	S117	S118	S121	S122	S123	S124	S125	S126	S129	S130	S131	S132	S133	S134	S137	S138	S139	S140	S141	S142	S145	S146	S147	S148	S149	S150	S153	S154	S155	S156	S157	S158	S161	S162	S163	S164	S165	S166	S169	S170	S171	S172	S173	S174	S177	S178	S179	S180	S181	S182	S185	S186	S187	S188	S189	S190	S97	S98	S99
S100	0	2.569004924	3.4205315384150254	3.048821227329516	0.7594519405777724	2.9261980308860305	0.8466928963888115	2.9737928914272613	3.6138985158959835	3.7177659049986262	1.3760193512039882	3.4814697098084206	2.0169928974054674	2.428261499801895	2.9779952621166546	3.987804857862774	1.133783243321643	1.880566854119126	0.9216213358146754	2.7267881281660507	2.7437338108056673	1.831829779939013	1.9456219083713613	1.836442387839297	1.068511405394708	1.177656354007421	1.0755556085289153	1.5805361078993363	3.0753358099162154	0.9751651901873707	1.2364856536396605	2.178655744602263	0.9664192714336484	1.042680753696649	4.442502552691735	2.1794051014283364	2.685818771544298	1.8877707981529839	1.3225762280375055	2.941310057421799	3.4055912545575286	0.5793201338499875	2.2397031196707053	0.9312927259148375	1.0309537752305737	1.9858531686348173	2.877729002401109	1.2745875063533154	2.677850076342093	3.4411010425294286	1.021060581	1.7294394276017706	2.8435866890453347	2.7989836517007562	3.476548763151556	3.285260135307725	0.760890953	1.0640939937540042	3.883647355216199	2.0860154016497168	1.2770144616011674	2.488953464084785	2.0419945897341396	2.884731305125178	1.8704948523405338	2.209544966	2.234525784889043	3.393099892288929	0.5132717032657634	3.5580119351491684	1.0977468515568962	2.444440521813417
S101	2.569004924	0	2.5167290273691068	0.6456026183817456	2.1360768546712623	1.3192208337948748	1.9578433742267503	1.012501991514744	2.4981951800627566	1.2226446362402936	2.5717773656506764	1.7083517716438645	1.4953827953322503	1.1274748702875341	1.9637078548401032	1.4333373075093012	1.899385982819598	0.7785570966116445	3.276041297951277	1.543225415017055	2.3737140210129164	1.1733526839307782	0.9143058141222246	0.8394529137240803	1.590761616	1.4856176922972038	1.577836364918861	1.0303610519763795	1.589622767781388	3.067676854423475	1.400644104379392	1.71701948	2.338789309149148	2.0940376750537455	2.136820735	0.5607834030589681	2.102878015729434	0.8954505551294005	1.5382141287267044	0.9209542775280929	2.2127576908205624	2.3564813945704026	1.420754926663158	1.6487239280187935	1.5998540116684792	0.6631631081815488	1.833853276386158	1.3952772539585812	2.4277079490831563	2.723137168871989	1.723953268065518	1.0607558098134808	2.6747985769036924	0.7991009596099651	2.5123492351352215	1.5131429040181705	2.276322995271089	2.231163017059029	2.546027069378005	0.6284225357205855	1.676709240534525	1.1905436096944653	1.7543153468703407	0.3671053883405833	1.359717012685172	0.8652743309454853	1.8911202791429114	1.2802134558816247	2.6215758051676574	1.0176513841061186	1.6135943086966302	1.789846355
S102	3.4205315384150254	2.5167290273691068	0	2.148600632253961	2.923719695874727	3.829231536219219	2.593121458294792	1.6220602554467618	0.40397698796153525	3.092929320331087	2.325282841294667	4.092249787148893	1.6937549310745972	3.470164900491771	0.5977053627370957	2.8055850189897997	2.296031446744529	2.847774454885074	3.4963917435805394	3.899605432867566	0.8503809897454228	2.2570661943258776	2.042676074882791	2.481687702407001	2.6913951333929407	2.6602079561131373	2.5403344467983286	2.6054480982661663	1.1108485512789492	3.1311958849447716	2.4849664793882273	1.3111778286138258	2.5457389058464424	2.4529823531332373	2.240016807235531	2.752699957537742	0.7853364534786613	3.034879554235306	2.2447534455833416	3.425082480728786	0.6258300510080571	2.960544285565675	1.3597344586712312	2.9594302238122085	2.6011394852480905	2.744485148416593	0.7085642039041647	2.679903697842639	0.9163783540817951	0.29082019086214717	2.4978016277481934	2.1192894592288263	0.9268468489637616	3.3102795604813355	0.21347721655176796	1.269203896033138	2.7006100512251314	2.4116542548853026	0.6364811065892511	2.858564208837025	2.193660279239901	1.6516148380975995	1.560430392933195	2.757807364949394	1.7066130082185005	3.2102021852428693	1.3262315327089944	1.6689811306623807	3.1091913064311676	2.5359039107156787	2.6650819720306504	4.044782952297553
S105	3.048821227329516	0.6456026183817456	2.148600632253961	0	2.5549360091747237	1.8274645332945079	2.334840465024638	0.5794708	2.0689318479850916	1.060748697166449	2.785308052935737	2.050208453007994	1.5874733948624393	1.693033614675989	1.6565484231399477	0.9960686716632142	2.2026050578810996	1.393875491145194	3.658111565661434	2.0660720309721254	2.196318739317129	1.4880320872093444	1.1822412883063909	1.311989567890172	2.036733381089328	1.9433668179955095	1.993015494032564	1.528058727215258	1.2152011529645057	3.403188473363549	1.8210610708361648	1.695869965849088	2.6453590352062624	2.4057476820636547	1.5023702045442888	1.153892712613994	1.911648857738963	1.5269792348434463	1.865543805669849	1.3754069785656922	1.813924544802636	2.759773749702694	1.3819079680737023	2.165558875611775	2.0287269052191914	1.256073757658274	1.5435731797228247	1.868706124392565	2.282299684278817	2.3868976136004787	2.107660700996984	1.376476431167455	2.5041463819387335	1.297000299362758	2.1306291787461884	1.0240997455240748	2.6325598010740525	2.5187282528561066	2.047719151237786	1.255946951855018	1.9743454121364823	1.1276827571902257	1.7918186789243702	0.6792293222024088	1.4905116751720329	1.492112161836534	1.8649614944687267	0.6871774074925318	3.0211207677693244	0.5662359415893621	2.0443386325598603	2.3631569033650157
S106	0.7594519405777724	2.1360768546712623	2.923719695874727	2.5549360091747237	0	2.655631410089584	0.541933974	2.495217992045856	3.0576833910802064	3.2162882406168527	1.052102688644676	3.099762275074927	1.7101578568141043	2.0577941613893103	2.5006075772442435	3.4950815402406183	0.823326478	1.5683286359498643	1.3421901451024494	2.387169974783714	2.208340162264233	1.613961276270091	1.550863176838669	1.544179480620765	0.5546906368075251	1.0222751267818229	0.7287554671428167	1.1164510653862567	2.6369364477378907	1.2016988634247785	0.8196730592911375	1.7691825715558394	0.6597881571390953	0.528412992	3.917425816203272	1.8851941769190204	2.151460201	1.5690106284392882	1.0052786297779988	2.636580739391072	2.9694383954164505	0.3253230754368068	1.770293218307275	0.7835921059514812	0.6646509889185358	1.5664069969301637	2.376318873383991	1.1211859088306495	2.3055514716146135	2.985010466	0.7436360319171189	1.3287138615705365	2.3536117844045843	2.4507395626928563	3.0087576449425977	2.810992750236635	0.5061393763965704	0.7066377874864123	3.345577167515229	1.701080164	0.8736110194977658	2.140337579821996	1.419289512528704	2.4610969821083897	1.3892459124421803	1.8713099609621602	1.9008327573910384	2.899371061171144	0.6061500637954067	3.0746418269363796	0.522758562	2.1705808878169375
S107	2.9261980308860305	1.3192208337948748	3.829231536219219	1.8274645332945079	2.655631410089584	0	2.655799036720944	2.3090316739643595	3.794859533	1.5441078756139728	3.443001960637547	0.7790879164268176	2.6373800915032466	0.6916276711415064	3.2764748845801286	2.0671479620984905	2.743708840153281	1.2794028356791896	3.8080997614276244	0.6838327393594935	3.605538143948908	2.1242843419409887	2.022691495992051	1.6949893867693648	2.186611054891966	2.136504790246014	2.2848868425071682	1.699998470137977	2.8967742714908153	3.713175451626415	2.1379464983223575	2.9258791779534907	3.095207403718467	2.859338211922762	3.1110036003365313	1.2580616591447709	3.3579652099114226	1.143769475682962	2.4178858306712505	0.5235683988259789	3.527138147476905	2.908254103619395	2.6603996172023616	2.0875587427124818	2.2676925547214175	1.2776797129083317	3.1423589070520452	2.0347399388885083	3.675636334604656	4.034149168580021	2.464488467811567	2.0758246698133678	3.9024313247105833	0.5331949836127305	3.830791214204809	2.8012087941516945	2.9540135639973175	3.034647992	3.8410996675900524	1.1221487266222991	2.564203221986074	2.4283089387435743	2.854042072757609	1.1512033439661997	2.4880928853698805	0.8152604936658358	3.0899989692606713	2.4996533844967175	3.1586453246936035	1.8498368421703058	2.223542223169322	1.015987037467042
S108	0.8466928963888115	1.9578433742267503	2.593121458294792	2.334840465024638	0.541933974	2.655799036720944	0	2.1888469173342746	2.775703877117136	3.123228486837301	0.8855315416010638	3.174418424346658	1.2395459614909201	2.1322291006971366	2.1392998084443033	3.312941538580553	0.3233635707544366	1.431377413709757	1.331250611057688	2.5226553354407724	1.9478385269108154	1.188183958	1.2091271955870737	1.2505667719202316	0.5348597027040003	0.6673907205308967	0.3949755828903298	1.0259755980711722	2.2557943049678797	1.1163592096618598	0.5646403486955491	1.3520520408839198	0.47607327457716075	0.3827521801308251	3.6555299937031145	1.6745186598274173	1.8597813727412493	1.5148738497087384	0.546020525	2.5436022510739007	2.5781673629271964	0.5072414492296314	1.4010570366506518	0.6596883860690301	0.3915766734829828	1.4807134342741732	2.0339636285102887	0.7866954440642033	1.9058587903823132	2.6343440622542644	0.27601556043901854	0.9871895446200672	2.085315290210266	2.3867775289099886	2.650113848090243	2.4685956742266852	0.3404538874900392	0.4437878729417823	3.039313216058913	1.6168774602485942	0.43672235181626967	1.723985495546241	1.2306990587140496	2.309606645139097	1.0335809764575634	1.8570560907176712	1.4421614795039832	2.604944725106328	0.7077775215343958	2.8776634091490836	0.5507785251941494	2.3692153501029556
S109	2.9737928914272613	1.012501991514744	1.6220602554467618	0.5794708	2.495217992045856	2.3090316739643595	2.1888469173342746	0	1.5994027474852421	1.6187632788682658	2.5086079450741527	2.6043332033850666	1.2156351099026812	2.1111455267809176	1.1105037276901375	1.4078664847932671	1.9867657231679232	1.5896967324887523	3.4604281501054537	2.526582778077781	1.751769993317899	1.3249931542245474	1.0438348055739717	1.3310647169154735	2.0158493152429324	1.871540854837277	1.9006203197277767	1.612482492318961	0.6369514021521571	3.1722034092509577	1.7584785327380046	1.2575663884804806	2.4388939835796686	2.2336108026122523	1.4820013671002368	1.3659846399834201	1.4549956977589602	1.7757901782138321	1.6829768672396745	1.854061566249534	1.2476389374210526	2.647619588756634	0.9778048056707861	2.166423588485641	1.9539947315431239	1.4909581234591587	1.019323269623312	1.8179382013229208	1.7587518053022833	1.843448233270316	1.9671116452455022	1.2479614946185245	2.0390444232094165	1.778186330127063	1.5838285084060486	0.5012773878886484	2.4651326597140484	2.3000985261528784	1.580615515415986	1.5375302803163837	1.7766661586273818	0.7183645531806279	1.5204164764554864	1.1842527547924249	1.2137636604384427	1.847024187445747	1.3956900412647353	0.4209015513494616	2.8832931690345434	1.030533415	2.0210170286604514	2.7641906724634433
S110	3.6138985158959835	2.4981951800627566	0.40397698796153525	2.0689318479850916	3.0576833910802064	3.794859533	2.775703877117136	1.5994027474852421	0	2.928731723304383	2.5405285208460415	3.983011696	1.9111597972838918	3.4383019234873884	0.7890070327607184	2.6348000228921253	2.498639844853575	2.906349124888691	3.7451480511203044	3.8469844625499334	1.0164382973712769	2.425789150290081	2.1530678969146777	2.5870963354533294	2.805926953710855	2.826285429758194	2.6942646318525645	2.6711493944689946	1.1943828778610193	3.3816318780803214	2.615123480031328	1.5370719263657726	2.7453212324692893	2.6197022974602935	2.021104134045584	2.807221438	0.9464567869813311	3.076581011993057	2.425110396959565	3.393895260872238	0.8086447518336397	3.132000476184125	1.5083315178288281	3.102224872121332	2.7486066924427868	2.7686925633521553	0.8419584777880139	2.838574989573568	1.2710803514153848	0.6614292548249741	2.6772074556186958	2.2426772441983855	1.1484881980903845	3.2717444897113506	0.5266720667872375	1.245977812376845	2.893252022	2.610494947306947	0.39856139483326064	2.877376653259049	2.3709697934078493	1.7954950381034036	1.647469125827111	2.7048929985490022	1.8481432678157064	3.214235156599766	1.605628173880726	1.5765648524076135	3.304475262986638	2.405331413081598	2.7732412878741965	4.022013849
S113	3.7177659049986262	1.2226446362402936	3.092929320331087	1.060748697166449	3.2162882406168527	1.5441078756139728	3.123228486837301	1.6187632788682658	2.928731723304383	0	3.6583284471252653	1.3873069547525936	2.601120254	1.648979448038565	2.6657883422867155	0.6652071050010023	3.0676881357685413	1.9001235432294017	4.446227016174855	1.8068692267480788	3.141700753	2.3724287639574233	2.0896837183077657	2.0604707869261563	2.705815546	2.6965444109190426	2.756314846599141	2.1468837083995953	2.234541304480989	4.2318363396156355	2.5690113779430495	2.724315906979714	3.467750069830304	3.201337880182841	1.7444848710493759	1.7026668272593832	2.8791743768603366	1.9104852032089996	2.729521742912563	1.2169214532500126	2.7908412361423633	3.476747663733561	2.4009041903274295	2.807646556861543	2.7683685843552652	1.7370368293773022	2.5487297466926124	2.6074438287162742	3.3188972251239113	3.3558625261365247	2.911709585574985	2.246697971138881	3.4612591414389744	1.187574048500247	3.0885276863436544	1.9789253454545006	3.420252957663549	3.358834089598387	2.869306702942268	1.6617095999551037	2.836286554936881	2.1662214876710797	2.6695157000066008	0.9099715443508979	2.4412116329239595	1.6731321006950797	2.909607621874821	1.5472611747685854	3.7574635136918744	0.6826944925106727	2.7112532543480037	2.234036519
S114	1.3760193512039882	2.5717773656506764	2.325282841294667	2.785308052935737	1.052102688644676	3.443001960637547	0.8855315416010638	2.5086079450741527	2.5405285208460415	3.6583284471252653	0	3.881817609273638	1.5341280108855622	2.8763085151244376	2.0491984825128227	3.7706052882134578	0.7968243736030854	2.2126159777983605	1.246687357335435	3.2662424259206517	1.5521307758105924	1.8052905418477927	1.754588732646359	1.9684260924272605	1.2936759183223334	1.4974627425914517	1.2120790208511876	1.7466495329754377	2.392218924455743	0.8894898740531128	1.3253376627813513	1.3827954343199893	0.4492109626966113	0.6078692217008135	3.8882613279375295	2.4141328985563786	1.6042877929650274	2.308424467676795	1.167218060061725	3.292700025485531	2.502420994579304	0.8967889272603635	1.5565607965464108	1.5408550926565476	1.2242417114047062	2.198543033439723	1.9737750101266398	1.6114000750979363	1.581110210788357	2.3002768708635672	1.0772690269741116	1.5691473013844033	1.570917631984372	3.120079693865449	2.4220235249936577	2.645887347045603	0.6733021369822415	0.4425683457192219	2.8724378051585466	2.3535930576758397	0.9495749310965332	2.0760083821829993	1.1530250697414235	2.9340034289638806	1.3190312777188813	2.6285595709354963	1.434638336724103	2.885591843731317	0.913578889	3.3493660233342224	1.258135976091116	3.1292152548639076
S115	3.4814697098084206	1.7083517716438645	4.092249787148893	2.050208453007994	3.099762275074927	0.7790879164268176	3.174418424346658	2.6043332033850666	3.983011696	1.3873069547525936	3.881817609273638	0	3.149693216	1.0594159776579586	3.594342142686081	2.0257652122766086	3.2588192576106523	1.8656019461473534	4.351251519290228	0.8169192947164606	3.892189394	2.719260740682038	2.519129088931652	2.2783528291187474	2.6637728055654932	2.7395437439779005	2.8175324599114284	2.174693972633803	3.233428380412977	4.239776875442777	2.651322137069197	3.359834245162431	3.5704419713370914	3.308440628086616	3.1239499337077814	1.8569448495420984	3.6568968046952155	1.7136462369942749	2.9540320065525907	1.0542794938882922	3.840423902	3.3893503590618583	3.061992839541905	2.665090467088588	2.7940581173262085	1.7577620836383565	3.450657315269965	2.6497089691268068	4.076790277904473	4.329162912093104	3.0070013043384605	2.5808039882252847	4.205878647635293	1.0094756844156323	4.114049517763851	3.0733523246571735	3.4494431284924754	3.507137214251858	4.017760599	1.6323870863907648	3.0620270364929754	2.897308071002922	3.1683381870679046	1.4622357833870034	2.921205035074707	1.3583946334924117	3.5563870258310697	2.710972965828191	3.658382667188289	1.9349246736700083	2.6790280099063293	1.2517437348736207
S116	2.0169928974054674	1.4953827953322503	1.6937549310745972	1.5874733948624393	1.7101578568141043	2.6373800915032466	1.2395459614909201	1.2156351099026812	1.9111597972838918	2.601120254	1.5341280108855622	3.149693216	0	2.297123599075308	1.1396518259017079	2.549343182542076	0.9655882136913689	1.4409677135903451	2.3548309758372925	2.7579137540109335	1.4302402943731574	0.6202501394430677	0.6376599149186053	0.9800946796463947	1.3478365231393044	1.054691432181756	1.0773525780334168	1.271910599061463	1.1059140281218838	2.065980170975708	1.0500152810248546	0.4656966924047371	1.4512814566353525	1.343967738854587	2.6509020079260406	1.3910174495059933	1.2015716536754977	1.662632969587156	0.7353541092630258	2.2968974195130176	1.4658211972783488	1.7347547616279664	0.5058140828997701	1.4316529777117055	1.1569781274911732	1.4787880861516998	1.075488164648979	1.0605609302767416	1.1498313694094535	1.7574873065902912	1.032732731845907	0.6615742110413577	1.6181746873587943	2.2000173114016532	1.673007735557197	1.3722996297965637	1.4872681434185997	1.3170135914782783	2.0650606756395518	1.5870240168644745	0.8408777702300764	0.5831029173840104	1.076562647042317	1.8384192745623156	0.5244285460070754	1.9385468027236952	0.4914324526565237	1.6043273826962299	1.9003544602931746	2.1259987032366663	1.3704912585690188	2.805721151056437
S117	2.428261499801895	1.1274748702875341	3.470164900491771	1.693033614675989	2.0577941613893103	0.6916276711415064	2.1322291006971366	2.1111455267809176	3.4383019234873884	1.648979448038565	2.8763085151244376	1.0594159776579586	2.297123599075308	0	2.9359927413559554	2.1816308727900524	2.2447586807151887	0.9193101057001257	3.2925092898096007	0.46142361568095297	3.127697042642135	1.8447261666120234	1.665242364422216	1.3858361266594894	1.621179974749559	1.725939295686389	1.786500300938426	1.1705204245766958	2.6680638606007023	3.184172576433939	1.6317130731331901	2.5246550448027287	2.5372091633511284	2.286040014	3.1067105386204155	1.073217856123869	2.9101950271529335	0.7138658036139115	1.9649261037299222	0.8754369985652345	3.263969217950042	2.3382082363286902	2.2664254284187755	1.6132464552204733	1.7558857780358994	0.8200019523858404	2.7858605024244087	1.6481018295551226	3.2714729233909345	3.6685648951852325	1.9781561830343575	1.6654755729985524	3.419443440520448	0.6691630537970816	3.5038746916647283	2.609820413518887	2.4034938958192322	2.483114874204247	3.548687774327918	0.7171394555349176	2.0655713705195478	2.1963061959102053	2.316447065707219	1.1215302133705727	2.039293270419686	0.40286186322354695	2.7169584737131482	2.3676304465156224	2.603603066223034	1.8851793948957722	1.6424021046762902	0.6730070845488438
S118	2.9779952621166546	1.9637078548401032	0.5977053627370957	1.6565484231399477	2.5006075772442435	3.2764748845801286	2.1392998084443033	1.1105037276901375	0.7890070327607184	2.6657883422867155	2.0491984825128227	3.594342142686081	1.1396518259017079	2.9359927413559554	0	2.4265160053238493	1.8456493665218692	2.272847520886692	3.167503047510501	3.376758768702171	0.8414797972293883	1.672734501312708	1.460542340510217	1.8944065995590165	2.2004758332009975	2.1160167669934937	2.032163982118697	2.0668712979510597	0.6152115703991226	2.8189027076025375	1.9647952502311263	0.813432323	2.178925633691347	2.0590375020713227	2.067594935996254	2.1657819706453374	0.5912909854857293	2.4702267578079002	1.7287732735117558	2.8708245672440404	0.5013562454569652	2.555685499606981	0.8054913966446923	2.4336382402817387	2.096845069820935	2.188438818496462	0.16985596052649682	2.1238992647375765	0.7808769739884351	0.7627922652252233	2.004492275294492	1.5545669039394066	1.0471622722419105	2.7621969867506713	0.5870348681162882	0.8549953486749955	2.3004025284429623	2.0363683679629005	0.9428486428470282	2.2972300548189124	1.7156951201902135	1.0595630374368108	1.2034870759856642	2.225071080414688	1.182282991336339	2.652932591	0.8643052662895842	1.2630787560233658	2.726473763031867	2.101523981	2.184953156747721	3.5188539126691984
S121	3.987804857862774	1.4333373075093012	2.8055850189897997	0.9960686716632142	3.4950815402406183	2.0671479620984905	3.312941538580553	1.4078664847932671	2.6348000228921253	0.6652071050010023	3.7706052882134578	2.0257652122766086	2.549343182542076	2.1816308727900524	2.4265160053238493	0	3.1953236423674003	2.1981199454915252	4.640959647817006	2.406211764839726	3.0297415582060596	2.4221957934770675	2.1635257872201357	2.2195658919399035	2.973034941775997	2.8838812688118494	2.957700897154576	2.4291035641124115	1.9353392658182025	4.394341502471989	2.7801852899475388	2.6465378534526427	3.6326901867869954	3.3851027228324817	1.1358905640936754	1.927649589433064	2.7557960161767756	2.275953081419256	2.851831971248592	1.6372590507145257	2.4374738298359806	3.7215276102447414	2.3416288033853077	3.0774066877150146	2.987102591559131	2.064628345041476	2.342905046913811	2.7964469798757965	3.1445740858426596	3.066926240958549	3.084215946244089	2.3589697630899042	3.3337736774834204	1.649990918	2.7680378894711075	1.6331303371985102	3.613531574002261	3.5082622038359115	2.494602364825064	2.009833982770324	2.9662250263778915	2.0281479860458447	2.7299507097676843	1.1866619703681287	2.4830300720274012	2.109558215495387	2.7978356250370884	1.184419455061648	3.9902343787554555	0.4397474805363473	2.980575517773862	2.812514056492635
S122	1.133783243321643	1.899385982819598	2.296031446744529	2.2026050578810996	0.823326478	2.743708840153281	0.3233635707544366	1.9867657231679232	2.498639844853575	3.0676881357685413	0.7968243736030854	3.2588192576106523	0.9655882136913689	2.2447586807151887	1.8456493665218692	3.1953236423674003	0	1.4780728777091505	1.4754281173545116	2.662293454394768	1.6790214081628094	1.047099305051097	1.0626418719759798	1.2025159543850636	0.7188154137585477	0.7172291913500117	0.4847309342152849	1.0848355718507268	1.9874377718175305	1.2032447166592806	0.6142638661092548	1.0478897930803919	0.5238253699801483	0.44702666840966815	3.4515523993001813	1.6608803863181427	1.5826153842684207	1.6040797955459318	0.3903157338327419	2.5709592539758455	2.2772242035049697	0.7789053019058131	1.1355546902548281	0.8696664172300235	0.5309151826791382	1.5177863768604243	1.7505926551637019	0.8258735314161351	1.5895422128906531	2.3277848441439946	0.32288369871009925	0.8589195186580779	1.812353872348844	2.4219255300239477	2.3459550431662395	2.2222655402219678	0.5219908613961165	0.41477728231548167	2.758106508	1.6590859535044653	0.23455167815683198	1.4887557928396393	1.0339798070844406	2.262864215288589	0.800120668	1.943548742674925	1.1243264312997245	2.3986352165016274	0.9399591913075207	2.7590383695709915	0.7282120653277812	2.5572975911783367
S123	1.880566854119126	0.7785570966116445	2.847774454885074	1.393875491145194	1.5683286359498643	1.2794028356791896	1.431377413709757	1.5896967324887523	2.906349124888691	1.9001235432294017	2.2126159777983605	1.8656019461473534	1.4409677135903451	0.9193101057001257	2.272847520886692	2.1981199454915252	1.4780728777091505	0	2.672543849210829	1.3643772458589176	2.507619143044099	0.9353689694751558	0.8460865375273261	0.4827683004263959	1.0304213635496577	0.8940301386393606	1.041347851172733	0.528500598	2.021623673992751	2.524089564473077	0.892739194	1.7443186325323452	1.8776081954286747	1.6555048857343293	2.8896828934912495	0.3758321990420385	2.276651539483216	0.24577896054590131	1.1395164941508586	1.1138328296098565	2.6026422448835813	1.7782023062528838	1.5332830089797067	0.9525511203282757	1.0419512650945062	0.29085619779516647	2.141024272010325	0.7959623936416628	2.5077660825346313	3.0034147714557586	1.2106827783715732	0.8358296486403606	2.7728906707408854	0.9751364083907694	2.8582964948400247	2.0611910518012433	1.7547273510969534	1.8027856758765741	3.029184448548854	0.2842181925686137	1.2986211573861843	1.4205679592409717	1.733202919338669	1.0324374170521795	1.2872742504077472	0.5313854332256249	1.8973320427410991	1.9474713799959158	2.028950771263535	1.7919911527075907	1.0811154143185915	1.4102830740550027
S124	0.9216213358146754	3.276041297951277	3.4963917435805394	3.658111565661434	1.3421901451024494	3.8080997614276244	1.331250611057688	3.4604281501054537	3.7451480511203044	4.446227016174855	1.246687357335435	4.351251519290228	2.3548309758372925	3.2925092898096007	3.167503047510501	4.640959647817006	1.4754281173545116	2.672543849210829	0	3.6126295513003583	2.777063609426084	2.3794196130324834	2.504826952617717	2.517405439925912	1.7622277572211684	1.849024755970999	1.6985725378661767	2.313319258250939	3.403906269491117	0.372988514	1.8805749628806958	2.402798869586063	1.0976673002106554	1.3487473984287452	4.922514121121206	2.931304738593216	2.8048526611029234	2.7196649944692015	1.807977789377596	3.772792792553265	3.581472292619666	1.025375121573902	2.5715205838715156	1.7374537268607417	1.6815742878916449	2.759002437463385	3.100135222162518	1.9641357799897512	2.6577639513158107	3.4453423476794285	1.5617717825912216	2.2928230498896247	2.7714832716740934	3.6284090776340427	3.5619278618601937	3.6684030133865253	1.0569586593158484	1.2278893340305834	4.051620382211104	2.8796647389334775	1.6960496526644002	2.9152388204745905	2.3063342235200515	3.621122368581907	2.2659240281935378	3.056823083739553	2.3963231830676985	3.871212785848839	0.7364637130055448	4.204178246314383	1.7672623551616027	3.3426038769852866
S125	2.7267881281660507	1.543225415017055	3.899605432867566	2.0660720309721254	2.387169974783714	0.6838327393594935	2.5226553354407724	2.526582778077781	3.8469844625499334	1.8068692267480788	3.2662424259206517	0.8169192947164606	2.7579137540109335	0.46142361568095297	3.376758768702171	2.406211764839726	2.662293454394768	1.3643772458589176	3.6126295513003583	0	3.5523999031165023	2.296244478138649	2.1266130722859073	1.8383433606593873	2.0042951150136528	2.1413860643881555	2.197281841981404	1.6040275857410193	3.1030818472189243	3.533021237959027	2.052545974015128	2.980607541788599	2.9172113295986524	2.6695909032391008	3.4037124729612382	1.5080981528624058	3.342153895	1.1473432920682616	2.401449015949675	1.0798814694753982	3.7004919621173467	2.674174528846672	2.720320615896218	1.9828808040555574	2.158651378	1.2801031709845947	3.2244205514676407	2.0668589094476464	3.723456386621297	4.105654878081691	2.389356504	2.122719487176679	3.8460066216788213	0.9306286102616607	3.9379445868355054	3.0235641718235358	2.773481030817645	2.8750968277450597	3.9523341391533395	1.176924427023088	2.4932764683017767	2.649981846196641	2.734092714714057	1.4660464908915016	2.490983350594758	0.8431877147276656	3.1760291700275176	2.7504804536372536	2.9312192903294174	2.1720677319619965	2.0219734818272586	0.45887286927514404
S126	2.7437338108056673	2.3737140210129164	0.8503809897454228	2.196318739317129	2.208340162264233	3.605538143948908	1.9478385269108154	1.751769993317899	1.0164382973712769	3.141700753	1.5521307758105924	3.892189394	1.4302402943731574	3.127697042642135	0.8414797972293883	3.0297415582060596	1.6790214081628094	2.507619143044099	2.777063609426084	3.5523999031165023	0	1.9877300810324654	1.7472761899326277	2.178768829698308	2.0845679942947184	2.1841718703051316	1.9765241355007124	2.139117904154324	1.4200352421456308	2.4091333069154417	1.9461361804879396	0.9651573833569683	1.814255160589415	1.729660479	2.7487182139146706	2.5247362860194373	0.30069335685711135	2.6635814595889546	1.7334822789004223	3.286950612527145	1.2555229203219536	2.2350458092230214	1.0696610027777451	2.4104206945738893	2.024184858135173	2.3946352612553294	0.809501971	2.2342665847747396	0.7014692330366322	0.8884790545570044	1.9214246955632486	1.735385943289088	0.32375071813675727	3.129276806589582	1.011322014268761	1.6263262853255482	1.9913123206843129	1.6920448564720996	1.3835656656731836	2.5384133132631277	1.6070318224870155	1.6361255201447964	0.8910453950261112	2.6777414030010775	1.259641760833791	2.884130238713682	1.0572561084830483	1.9610167761075494	2.374911856824171	2.689316092827411	2.042696096653941	3.614901388371702
S129	1.831829779939013	1.1733526839307782	2.2570661943258776	1.4880320872093444	1.613961276270091	2.1242843419409887	1.188183958	1.3249931542245474	2.425789150290081	2.3724287639574233	1.8052905418477927	2.719260740682038	0.6202501394430677	1.8447261666120234	1.672734501312708	2.4221957934770675	1.047099305051097	0.9353689694751558	2.3794196130324834	2.296244478138649	1.9877300810324654	0	0.44403337300253576	0.4589748108532159	1.1454024645624328	0.6837228971558801	0.8859515039407225	0.9418772223306797	1.468133039446484	2.1629130334982998	0.8302195694988641	1.0524118748241114	1.5670018292957384	1.428218067818878	2.774046547822094	0.8773593499710833	1.7506465890391945	1.1697773068418982	0.6760629823559716	1.8166015692087194	1.9646263342100365	1.6829985791945508	0.9619724580868402	1.0735475355257293	0.9548399206166923	1.0669006276795716	1.5869489973547433	0.6239482642919262	1.7692724543747058	2.3500680332946216	0.915549928	0.47094193893970443	2.200311205053551	1.740860855611817	2.230907221155847	1.6452525179651711	1.5110601424133792	1.4591349683690693	2.546000544987247	1.1395104286007405	0.9016217039810308	0.7620970978226945	1.4265233001030784	1.5048655903970016	0.8033318809226536	1.4555619332588328	1.109642981290363	1.7292805510920382	1.8718729208324556	1.988250879659234	1.199920295991878	2.3319040705135987
S130	1.9456219083713613	0.9143058141222246	2.042676074882791	1.1822412883063909	1.550863176838669	2.022691495992051	1.2091271955870737	1.0438348055739717	2.1530678969146777	2.0896837183077657	1.754588732646359	2.519129088931652	0.6376599149186053	1.665242364422216	1.460542340510217	2.1635257872201357	1.0626418719759798	0.8460865375273261	2.504826952617717	2.1266130722859073	1.7472761899326277	0.44403337300253576	0	0.4440850639366636	1.0493313911026847	0.829323107	0.8829050124019231	0.7380023874490905	1.2807290041365886	2.259466968997451	0.7535217	0.9176869942415051	1.553122502	1.3529622203371727	2.5153390688981254	0.81229115	1.4982062010787234	1.0636747917565497	0.6978507914214598	1.7066413312101048	1.8056631958229625	1.684178057877336	0.7098955501835641	1.1386368819934007	0.9402205204318637	0.8500875287289952	1.3415266802773764	0.7844175024113419	1.6775553011017352	2.1774456078058377	0.9600572240844321	0.22532349108423194	2.002099575458937	1.586073930015119	2.044732907339732	1.4120560031995444	1.5232582709876012	1.431176579	2.2907663759044246	0.9565829157852792	0.8508388125560107	0.6753435960273477	1.1197671217886809	1.2759616160006808	0.5428516795007874	1.3139646858654492	1.071318293897996	1.462671556651504	1.9157146828076728	1.724179804362962	1.0775618261296243	2.2013232605593016
S131	1.836442387839297	0.8394529137240803	2.481687702407001	1.311989567890172	1.544179480620765	1.6949893867693648	1.2505667719202316	1.3310647169154735	2.5870963354533294	2.0604707869261563	1.9684260924272605	2.2783528291187474	0.9800946796463947	1.3858361266594894	1.8944065995590165	2.2195658919399035	1.2025159543850636	0.4827683004263959	2.517405439925912	1.8383433606593873	2.178768829698308	0.4589748108532159	0.4440850639366636	0	1.0046606898638666	0.6810280916254289	0.8680864801279357	0.6100882423758904	1.6530857391796754	2.3277489248047467	0.740240319	1.3312473555595625	1.6786931499505322	1.4838388856910032	2.739603607909668	0.4767097770512813	1.9377208778694375	0.7221471153639107	0.8189531484808642	1.4244298767832952	2.210822332427789	1.692545232039453	1.1514221490659617	0.9424090465277971	0.9068686484318924	0.6202184002674446	1.7792706143519692	0.5824958434959139	2.0889748764877476	2.614245016576864	0.9868350579424935	0.4672164834392149	2.4272106573526493	1.3217352487944884	2.475697122665545	1.7512914402157815	1.5895005480067224	1.5822031001547656	2.707470985056416	0.6826093542219789	1.019016901675768	0.994660356	1.4890936998875584	1.168853503	0.9365033284627244	0.9983518831761841	1.4549638301381103	1.7260383808667386	1.9231587529261782	1.7871440766997642	1.0592147923402602	1.8892412301948085
S132	1.068511405394708	1.590761616	2.6913951333929407	2.036733381089328	0.5546906368075251	2.186611054891966	0.5348597027040003	2.0158493152429324	2.805926953710855	2.705815546	1.2936759183223334	2.6637728055654932	1.3478365231393044	1.621179974749559	2.2004758332009975	2.973034941775997	0.7188154137585477	1.0304213635496577	1.7622277572211684	2.0042951150136528	2.0845679942947184	1.1454024645624328	1.0493313911026847	1.0046606898638666	0	0.6108348989214297	0.3399203104649566	0.5731564984171769	2.2300331695998423	1.5918137377380164	0.32029863470310826	1.4889369587412777	0.91901947	0.6892557983819204	3.4434550864358298	1.3351015128047772	1.955851133853251	1.0619007782700565	0.6580747682512127	2.114535064174892	2.644906284637876	0.779904282	1.4152848337206745	0.44912979769665884	0.26802834168915407	1.0320573745295298	2.067485967336936	0.6773223692507538	2.150112295590257	2.7875049046414038	0.49301162108987584	0.8369828090433397	2.285758318095048	1.9354649329968359	2.754028580840941	2.376261206358463	0.7860703051289903	0.8776343362389756	3.048347408059596	1.1702156550198615	0.6269886594046354	1.687870175092404	1.2363595404820855	1.9190554273801028	1.0265595774638028	1.3810917419768578	1.6444216364061903	2.422697435610657	1.0570979613777314	2.548736194182407	0.088407972	1.8638431407547693
S133	1.177656354007421	1.4856176922972038	2.6602079561131373	1.9433668179955095	1.0222751267818229	2.136504790246014	0.6673907205308967	1.871540854837277	2.826285429758194	2.6965444109190426	1.4974627425914517	2.7395437439779005	1.054691432181756	1.725939295686389	2.1160167669934937	2.8838812688118494	0.7172291913500117	0.8940301386393606	1.849024755970999	2.1413860643881555	2.1841718703051316	0.6837228971558801	0.829323107	0.6810280916254289	0.6108348989214297	0	0.356076955	0.7071401	2.0443340802964642	1.6879787803784572	0.3999579358517829	1.3665439797941314	1.132569139539325	1.000031573029373	3.3372383746848455	1.0912135571817858	2.0102686059235535	1.0280112716439709	0.45939935245664426	1.9859320992591258	2.4917749195095236	1.0918855622143275	1.3240127242929292	0.4116943769109307	0.3946399163314636	1.0413683078215523	2.0098249202703276	0.12227400726994354	2.0605338316934936	2.736692016996309	0.42324157804152834	0.6501348785024932	2.37399936	1.8666612502088562	2.6762174454297982	2.221382451725025	0.9989090864055605	1.0707519759734763	3.016447841	1.1403264996435243	0.6412438424619761	1.3892803974450518	1.4540045609440317	1.8186971713446303	0.9862602351366881	1.3825669528885283	1.4516795318831133	2.289018295502456	1.2866036947439734	2.448295968022259	0.6900283130194113	2.045029240694965
S134	1.0755556085289153	1.577836364918861	2.5403344467983286	1.993015494032564	0.7287554671428167	2.2848868425071682	0.3949755828903298	1.9006203197277767	2.6942646318525645	2.756314846599141	1.2120790208511876	2.8175324599114284	1.0773525780334168	1.786500300938426	2.032163982118697	2.957700897154576	0.4847309342152849	1.041347851172733	1.6985725378661767	2.197281841981404	1.9765241355007124	0.8859515039407225	0.8829050124019231	0.8680864801279357	0.3399203104649566	0.356076955	0	0.6631234659089551	2.0511017217444327	1.5034757244416228	0.19215199243727113	1.2731266875990404	0.8476955399936723	0.6689046325824515	3.3669501281680505	1.2806555329814868	1.833549459452479	1.141804878431717	0.3528416543684797	2.152515554222749	2.454380079	0.830560339	1.2407335796793681	0.4377202577843892	0.082762968	1.1004201555606743	1.9151220217239144	0.4537027677709214	1.9392994706712692	2.616705091425134	0.19408314219178327	0.6610692443496793	2.1630222159576276	1.9999002581621081	2.583365160088068	2.2315327505149822	0.7296398580726879	0.7808643875431337	2.9227817928031445	1.232717861913916	0.3957208082776691	1.4703228244794526	1.1984616358860227	1.9253862136768591	0.8599771278117173	1.487013915	1.392966984	2.3189523892943233	1.0642792777298518	2.522397622	0.39720840427954546	2.085800653
S137	1.5805361078993363	1.0303610519763795	2.6054480982661663	1.528058727215258	1.1164510653862567	1.699998470137977	1.0259755980711722	1.612482492318961	2.6711493944689946	2.1468837083995953	1.7466495329754377	2.174693972633803	1.271910599061463	1.1705204245766958	2.0668712979510597	2.4291035641124115	1.0848355718507268	0.528500598	2.313319258250939	1.6040275857410193	2.139117904154324	0.9418772223306797	0.7380023874490905	0.6100882423758904	0.5731564984171769	0.7071401	0.6631234659089551	0	1.958962620789768	2.1340539477438973	0.4828196984394083	1.4733552019814917	1.4283404613961133	1.1790616731493297	2.9907859363512745	0.8205744926021795	1.9457468876159618	0.5881282796662576	0.8144151335417491	1.571009927586839	2.4691261235200224	1.3521265694603453	1.2883519749962908	0.7106471087260269	0.6500994886385061	0.4675947159655832	1.923337742318126	0.6747597833716269	2.214857575856604	2.748448159540399	0.8499346840024801	0.614347739	2.394065825007151	1.3882287380570486	2.648763376	2.0401672781144473	1.3252658853910055	1.3523189421496289	2.856413179064743	0.6174021299271756	0.8958250318003502	1.409575993012345	1.2991047097471986	1.348221209682659	0.9645903271552839	0.886434146	1.6568747334627476	2.0015585277643937	1.625249186411461	2.0096308757883725	0.6005575712161263	1.578057771988579
S138	3.0753358099162154	1.589622767781388	1.1108485512789492	1.2152011529645057	2.6369364477378907	2.8967742714908153	2.2557943049678797	0.6369514021521571	1.1943828778610193	2.234541304480989	2.392218924455743	3.233428380412977	1.1059140281218838	2.6680638606007023	0.6152115703991226	1.9353392658182025	1.9874377718175305	2.021623673992751	3.403906269491117	3.1030818472189243	1.4200352421456308	1.468133039446484	1.2807290041365886	1.6530857391796754	2.2300331695998423	2.0443340802964642	2.0511017217444327	1.958962620789768	0	3.084799990756027	1.9544102530240421	1.0225127107386496	2.416858977755321	2.2666275048014595	1.6556957723874712	1.825420332860681	1.1350161390712994	2.2331189801128652	1.7559706180910497	2.443016563910304	0.6387402554051155	2.724014726213522	0.8821273308408364	2.3895849686374557	2.1183115941312987	1.9597382604345377	0.6135158540068629	2.0168120018207576	1.2813744701851622	1.291516111	2.0583876770333274	1.449568566097659	1.650305333734645	2.373657209217002	1.0239304016463517	0.3444705186782151	2.488479706260429	2.272159435424754	1.1637761038331134	2.0322581985783557	1.8211858270711305	0.7178089488027103	1.4986426692839763	1.8007765224341457	1.2487550926953073	2.3714963396798483	1.0737165949314724	0.7620944702894912	2.919156488187991	1.6113310093348698	2.232349957654025	3.2975424672962554
S139	0.9751651901873707	3.067676854423475	3.1311958849447716	3.403188473363549	1.2016988634247785	3.713175451626415	1.1163592096618598	3.1722034092509577	3.3816318780803214	4.2318363396156355	0.8894898740531128	4.239776875442777	2.065980170975708	3.184172576433939	2.8189027076025375	4.394341502471989	1.2032447166592806	2.524089564473077	0.372988514	3.533021237959027	2.4091333069154417	2.1629130334982998	2.259466968997451	2.3277489248047467	1.5918137377380164	1.6879787803784572	1.5034757244416228	2.1340539477438973	3.084799990756027	0	1.6806822277336957	2.071923836663956	0.8034645082235858	1.0794666042568501	4.619043072999591	2.764252807948227	2.4442684363901583	2.5921960390921086	1.565055784870273	3.6367853833321795	3.235764727881615	0.8819261729673972	2.2547808158885068	1.6315446560553515	1.4969903804931095	2.5905369411349097	2.7546198558489126	1.808102894912364	2.296697498356472	3.0780113779849074	1.3504449919957686	2.052110199542433	2.398874827805852	3.4865476511461515	3.2005213407947064	3.354335462	0.8230941031657016	0.923683157	3.692389164280939	2.7221477050097818	1.4288776264440946	2.6362384675823978	1.9778025340199281	3.4226784190103716	1.9686155214983514	2.934065411087226	2.066027982541567	3.5760207546996443	0.631396587	3.958715091190242	1.5890022765910958	3.301556628493739
