	S1	S10	S103	S104	S11	S111	S112	S119	S12	S120	S127	S128	S136	S143	S144	S151	S152	S159	S160	S167	S168	S17	S175	S176	S18	S183	S184	S191	S192	S2	S20	S25	S26	S27	S28	S3	S33	S34	S35	S36	S4	S41	S42	S44	S49	S50	S51	S52	S57	S58	S59	S60	S65	S66	S67	S68	S73	S74	S75	S76	S81	S82	S83	S84	S89	S9	S90	S91	S92
S1	0.0	1.7604728430601557	1.485701132364452	2.927255665930159	0.7848378659022143	1.135820576033374	2.965879705270989	2.1155918038488277	2.1524004324944848	3.069227642316595	1.8124192131454062	2.9621922689826086	0.8966004683296899	3.3640142419958035	0.7154739780737065	2.5693433376196158	1.246725433730547	2.118432005087811	0.9190326953526661	1.6076430589110842	1.1281036996842162	1.4906426339506431	2.313642607136948	1.568138795803379	3.127344814193256	1.3986723576436013	1.750620238644988	2.48945665047322	1.4231106838398637	2.0439455509081443	0.9729472618067626	1.6326555292209126	2.4213076919342607	0.46149803395284233	1.5004856546838399	2.1046119796453926	2.206759285058391	0.931795545325899	1.7973594892800433	2.69135324666556	1.415475728940291	2.808486286846941	1.2646344475194151	2.396395532791944	3.5327641333874626	0.49750343069504266	2.4790385942907553	1.735718734209072	3.2871928017969982	0.6210654265548123	2.2015806587172007	2.594414598893905	2.1366149414743467	2.083302841416774	0.570750389423519	2.562817794096449	1.7281694873906674	1.5101935637069863	1.2090052567348029	1.7318632231009274	1.2898154409703837	1.9894420224241807	0.3821009906424824	2.235827692347159	2.5322407286400237	1.0236158557715798	0.9216085980805016	2.040306825194136	2.4358830392349256
S10	1.7604728430601557	0.0	0.808606450008217	2.4745931730103203	2.288866858306387	1.8668548761973225	1.8812701622723902	1.6091690524514681	0.8895861617862577	1.4536412384398245	1.3172871471688625	1.215672573868772	1.9829726882577887	2.085637854797885	1.42240381953394	0.9772181606543037	2.2797534316830586	0.4637147525094287	2.4991765954880543	1.9574123254712885	1.8751782434330737	1.8970050952805046	2.5981222225872216	2.193134673704009	1.4353442239128968	1.515362102769287	2.3854882016532524	2.4989022827909206	0.9740091387610164	1.0631241611577804	1.5616539968008372	2.09169012749107	0.754022158232232	1.3628950574647054	1.201085959076992	1.4868210679933056	0.5704159830723626	1.8590999435829783	0.3160167215278972	2.266629395865018	1.8547912200058527	1.207884209327069	1.7585454113139873	1.6007744398677841	2.1136786377855437	1.7598990392123781	1.0496460744268818	1.718113921555838	1.8101593721915588	2.2887821727457824	0.9583219671095025	2.2439088815116635	2.237704426167664	2.05900766997181	2.1924530158822155	1.217140872755411	2.9405430386589675	1.5995805382588426	2.7503708396023305	0.9729655693162902	1.9285572050537088	1.4613946402151237	1.9776677624638752	1.3461026398738716	2.721064435707507	1.325910946270719	1.9077031899457593	2.813469981649792	0.8763941767940316
S103	1.485701132364452	0.808606450008217	0.0	1.807059596178306	1.7994980239217742	1.2062051816595656	1.5262466972610313	0.902113520312024	1.4854003030725604	1.6742993566935591	0.5736322955590777	1.689937721681631	1.3541004867972568	1.8924066029577722	1.0699872951639444	1.6911991089494574	1.580117863015465	1.0083904585364902	1.987714125433888	1.1570227950416996	2.063813986650667	1.1065291117080738	1.830984334806358	2.4234564169269817	1.7605342554922159	1.3023752712738719	2.562125814648684	1.7275381068467581	1.4707379910479577	1.7492798750150156	1.1088110773012878	1.3271217269551476	1.3242358140526027	1.132282721009314	1.5927481794595977	0.8711490230384251	1.2794957211928684	1.2007950034778165	1.0209918228196675	1.581998904872094	2.0562157229417295	1.3967449634319613	1.0934696652239186	1.0346199373286455	2.0471749262166568	1.3137303278370296	1.2408579725514082	0.9625293901827646	1.8241318081910183	2.0844769209862446	1.6144238264292936	1.5488742317981554	1.4442834558692343	2.4686090829895773	1.9372330769676163	1.428805970231621	2.2617967503532905	1.7582122039488965	2.181930557021549	1.4958219201825778	1.2278215624903823	1.988251557453413	1.747096914565782	1.999896516609901	1.9226247383089055	0.9859103016593568	1.9224729460556245	2.032267680727823	1.5482253067070484
S104	2.927255665930159	2.4745931730103203	1.807059596178306	0.0	2.798580170153796	2.0030382379729814	1.0970924187410873	0.9411449381632594	2.9910998379489038	2.2217163393079344	1.2828695706384894	2.6221746392189647	2.2393501417258745	1.502076867384819	2.4866560486001785	3.081744011793654	2.1244316366141605	2.44810045659665	2.902362537792354	1.4144034936225227	3.765025948864802	1.5171805422309468	1.2778889220153453	4.077353397390801	2.420947627837885	2.5320693379007433	4.118603671451804	0.7772678903841044	3.2733651221612567	3.44098513752614	2.311984548496314	1.5489998994235326	2.605174094463817	2.6972623430975107	3.2973392348863877	1.1428648002142752	2.7606166470490203	2.1078774644326357	2.6838088100663344	0.27313732715840133	3.674693334102765	2.07322666937099	1.877151407799093	0.8966072553522573	1.8106299335040241	2.5637921453030406	2.179765684320113	1.3013209673694799	1.8984956902812702	3.4743658494525302	3.1630141031686865	0.5040301301680714	0.9663539144828319	4.110982258243789	3.274357241146419	2.3436101763334087	2.546128975257466	3.275618164074697	2.9135950553017658	3.1782398977281083	1.8639309341616679	3.6524701661883396	3.158950034586784	3.646342357007298	0.9780862254317928	2.3614112585956777	3.490720146134546	1.8293015123842433	2.9456863945861307
S11	0.7848378659022143	2.288866858306387	1.7994980239217742	2.798580170153796	0.0	0.8378974249387907	3.11621335401114	2.1763974895461047	2.6163442195801037	3.394799339547552	1.9582260745961917	3.4209321586543084	0.5907462058873373	3.563019278652249	0.9256298347635026	3.081841086616323	0.7930738888383887	2.6513871414510466	0.28478313528267724	1.4157429752377266	1.7218747348788734	1.3148625655681854	1.8869397592898827	2.005233989510835	3.5137352252406076	1.4478048900779041	2.0390773258375487	2.193939422121269	2.1126608916790253	2.6388968184679618	0.939146925158945	1.2889824565818244	2.865484772923548	0.9989373134773186	2.0288167558807646	2.1238149121250127	2.711484736267626	0.7945636000663767	2.3282388865301122	2.564765725949151	1.8196618997586813	3.1510693343793323	1.0367103761886594	2.467710472602102	3.7569465400192117	0.5292147469172416	2.7682144345806114	1.595936205409111	3.5260134217165464	0.8804649612368	2.705200225037579	2.4239067924858966	1.8744262143400392	2.525325591709206	0.6724876048359417	2.8266153287911897	0.9947924644698882	1.8127450477189804	0.630007817883755	2.259312880011352	0.9663338779747204	2.5056549106634565	0.7295398292474613	2.790601345014223	2.209499282955666	1.1646982752666568	1.318345517677441	1.4968141041860983	2.9201614673917184
S111	1.135820576033374	1.8668548761973225	1.2062051816595656	2.0030382379729814	0.8378974249387907	0.0	2.34349029800319	1.4203697096532848	2.250083506018567	2.7131522547660682	1.2500424565184767	2.8435180666028894	0.42546865530319317	2.797241767167096	0.748371232377582	2.6618646968643813	0.5863004818081752	2.1843186221419932	1.023915328808925	0.7263268768777483	2.054591035036231	0.6377160666891116	1.1952813968076499	2.3384213758261736	2.868793826271676	1.1028373483564744	2.3573016554191146	1.4391994515930462	2.0552768450706105	2.4560305096061392	0.5577721500733376	0.5377114200792515	2.3474664527777582	1.016905006626134	1.9580960609006381	1.3112489285307851	2.275563230312995	0.49678105498722497	1.9507363865170224	1.7555680325421683	2.008577564580186	2.481274237491617	0.2257841690373776	1.669926233753007	2.991594778384114	0.6571818551066609	2.1295180345269404	0.7611349028731639	2.7763487651149346	1.5501342818383885	2.3840748899004485	1.6028328336410649	1.1167922088038515	2.6313449817854595	1.31272736246616	2.208009954577742	1.0924931438391416	1.7729536311479612	1.2005392601831033	2.0646943779141016	0.1642693611159527	2.425708088639655	1.2454277898797872	2.627767405460899	1.5570229910765048	0.7979647345076527	1.665471949613812	1.1126791682147494	2.4862651951491737
S112	2.965879705270989	1.8812701622723902	1.5262466972610313	1.0970924187410873	3.11621335401114	2.34349029800319	0.0	0.9801416158404274	2.420361852441401	1.298081867309719	1.1822897334036662	1.6461032599731316	2.5640473871777854	0.48753282993194264	2.520558911526189	2.322082218502105	2.6019120564590574	1.6892292494201577	3.2658902942291017	1.8767965309759247	3.5704682864818613	1.9307454130436323	2.1170180414427677	3.895371937946202	1.4302278598425937	2.5349577901223483	3.9988024303872844	1.6938852222195793	2.8264612125611253	2.868045755695613	2.441920119956265	2.0896364237335603	1.8607214734416446	2.6466247225424246	2.944871092139246	1.149861909801784	2.064315299327118	2.3907308814799015	2.1095559909185257	1.0873943090884945	3.4951117576233814	1.1497020840415526	2.187466398350842	0.6950790577836156	0.8283472750562689	2.721484865421526	1.5540002621707858	1.6481012148511869	0.9763656852442044	3.570966640225936	2.566998745251292	1.2535153141627873	1.6929394315217166	3.788780210459458	3.4072408019662324	1.7799139132121828	3.1982877416844513	3.097292149472712	3.360227193998932	2.726719013742456	2.262036878768074	3.2126983742551585	3.236037422238451	3.089506141301188	1.9177441814318217	2.3673238954908764	3.427385146075902	2.6153255939669733	2.2352399918020818
S119	2.1155918038488277	1.6091690524514681	0.902113520312024	0.9411449381632594	2.1763974895461047	1.4203697096532848	0.9801416158404274	0.0	2.248614063114046	1.8125738392405648	0.347719360033153	2.0348168121259564	1.6056079832853718	1.458912480412902	1.7194613642198886	2.3645237926084257	1.624596737345751	1.6183332963070904	2.3058154897348837	0.9057945695907625	2.9035989275476908	0.9541250878574354	1.372474081091324	3.2616909175480724	1.954962598611768	1.897027828284083	3.3609515892859383	1.0486049471582946	2.3695869414618804	2.609644156744198	1.6292977637227206	1.1701703934561845	1.9140682913735625	1.8617713892684329	2.4696873820066862	0.6349986258932991	1.9930016649260442	1.4306356325572995	1.8458517746351564	0.7583203975496595	2.8836749680801783	1.568001739219369	1.3012622382930306	0.4558856504729102	1.7462897386933576	1.8304640274307409	1.6279403601595583	0.7975247950860628	1.6982136939420767	2.7068054031464914	2.4012269746079933	0.8280666251112985	0.8739022627800308	3.3255075582506537	2.5375000943104498	1.8342542714297367	2.247612485151351	2.542021263241548	2.383258240319051	2.361362125508887	1.3348389691356177	2.852162459373775	2.386725998106784	2.847454414326069	1.2227515408245149	1.6288529450327942	2.6947305596308895	1.716022793993654	2.2295972363660876
S12	2.1524004324944848	0.8895861617862577	1.4854003030725604	2.9910998379489038	2.6163442195801037	2.250083506018567	2.420361852441401	2.248614063114046	0.0	1.5791251830876423	1.9964452005737208	1.4112461079873166	2.446606800963053	2.5533878931226655	1.698397601816451	0.583873006312929	2.7693469274890936	1.1893489416110758	2.8730653865252456	2.5276484446930354	1.8821276251537553	2.4651152549341715	2.9807361639768994	1.9679636966664888	1.6030963498997608	1.434798361666325	2.0611702688267446	2.9683512073143516	1.1066658573662418	0.6335028291482221	1.7912616634733183	2.525531203138575	0.6845732980107129	1.7147646349914616	0.9218215600005438	1.8920941373444995	0.5107097016424227	2.393299904309244	0.5936544857157658	2.762493882817553	1.5954866078237901	1.4852747119634222	2.1117117382507264	2.1201103531426178	2.449178970182506	2.1223364446918036	1.0006521956569234	2.1506482289425297	2.0246238869129147	2.5355824154182702	0.1936475044021962	2.678609268407355	2.741619473244752	1.5348177371403993	2.4086278453832084	0.9572973813310133	3.3058775138561693	1.2449238885178069	3.183837061429151	0.570170917913458	2.324923001987547	0.8922246136420117	2.2251888925129637	0.7136828166894011	3.274904423855313	1.5143193037348035	1.8984257642265199	3.285122240984625	0.4330823986925887
S120	3.069227642316595	1.4536412384398245	1.6742993566935591	2.2217163393079344	3.394799339547552	2.7131522547660682	1.298081867309719	1.8125738392405648	1.5791251830876423	0.0	1.780592315698035	0.6311450261001735	2.973978388673552	1.1757401466251922	2.550075833293515	1.2942042228441821	3.1571800492550346	1.2612566121507067	3.6148941529901886	2.5707359542556	3.251448211899985	2.5747414750709403	2.865085886821184	3.4580244113259497	0.308679008399229	2.3462900422070976	3.549742283900685	2.6059837600783333	2.3581299617233267	2.085856313974238	2.5286981137557363	2.677331983391201	0.93267617079495	2.6447428754872444	2.394375691222678	1.585507173069208	1.244028547501659	2.8400565554294714	1.5261131472466938	2.1057383104106746	3.055691423212187	0.3092864814142753	2.5245952986845643	1.4645310939898295	0.9316541348449942	2.90632403464297	0.7764039155121619	2.1661224042305447	0.5159444005039305	3.618685254315472	1.6954408623303792	2.1351908892016023	2.5263960835750052	3.108623011201245	3.461983652848633	0.943554298356454	3.758212133241742	2.6308420174310516	3.8242208866926473	2.0715617580722445	2.6941201773995527	2.469259592129741	3.2694629647575253	2.2325068285455147	2.932837957227961	2.3311588586057526	3.1995913177598307	3.3868347070170217	1.258994847962479
S127	1.8124192131454062	1.3172871471688625	0.5736322955590777	1.2828695706384894	1.9582260745961917	1.2500424565184767	1.1822897334036662	0.347719360033153	1.9964452005737208	1.780592315698035	0.0	1.9163345648202907	1.4073635880307305	1.6277678570034075	1.4341812262976816	2.1422092822142047	1.4984821827947996	1.3743797021792905	2.1013931992595443	0.8633333357626248	2.5689896565813246	0.8683494213623228	1.4999919063301328	2.9408969043635427	1.8975278011758538	1.6709913169553066	3.0602422662923017	1.275171289479057	2.0321130526111135	2.310099246437122	1.3885462065970824	1.1341505411415462	1.7180355460604635	1.5441042218527965	2.155816309168426	0.6671019167640192	1.7497957497077374	1.2237989263276878	1.5572546259127178	1.0813897024673471	2.5742648281443556	1.5097476928858304	1.1404465221638527	0.6540166094700458	1.8768620698792076	1.5651808690095474	1.5072995133277964	0.7599794425234254	1.7668699005279276	2.4151664976667013	2.138882407054314	1.1027751537762822	1.024593610474	3.0210384777904875	2.2576726930921263	1.7155017240681194	2.1735397938807735	2.2607446018596455	2.213292171815021	2.0606986466027264	1.200463979447679	2.5523560786967208	2.0933293188639857	2.557738879616132	1.4361578187764463	1.362647371103923	2.3837552058311204	1.7524837190058768	2.005680286217193
S128	2.9621922689826086	1.215672573868772	1.689937721681631	2.6221746392189647	3.4209321586543084	2.8435180666028894	1.6461032599731316	2.0348168121259564	1.4112461079873166	0.6311450261001735	1.9163345648202907	0.0	3.0351959850044627	1.5383768723263376	2.5503726253522903	0.9685938428070768	3.264829609625202	0.915518841361327	3.6327266354837757	2.744409669380258	3.0199690535505623	2.7275530862108064	3.204569280204017	3.259350717896407	0.3808175989448247	2.4493850851917043	3.414794949288325	2.9613985288088203	2.0422313140687782	1.76321126967773	2.606852620729424	2.898181731391962	0.7534149671055872	2.556915685503828	2.201490353997858	1.9077804522603423	0.9690056122836787	2.889250892676578	1.2892552235644261	2.496204716256208	2.9089556136525547	0.5837180404557144	2.6844443540886966	1.7977767726343379	1.365453911454381	2.9022622676932155	1.019964648125264	2.414390357440932	1.0807232622347918	3.5013607400144724	1.4648910065849783	2.539389627742892	2.8195218537665476	2.9098328472471606	3.3902777965681303	1.1992131764551062	3.9208761200706213	2.5713795563549198	3.8559110322483128	1.8621397825428667	2.854813390352031	2.2416196975494835	3.180625616687715	1.944971020597532	3.238009222877837	2.3801917770113876	3.070903812612413	3.6176553301492373	1.0123875835340654
S136	0.8966004683296899	1.9829726882577887	1.3541004867972568	2.2393501417258745	0.5907462058873373	0.42546865530319317	2.5640473871777854	1.6056079832853718	2.446606800963053	2.973978388673552	1.4073635880307305	3.0351959850044627	0.0	3.0224151376028607	0.8233873372994779	2.8462050234009824	0.3802492144793979	2.287363653489428	0.7031609413269461	0.8399444479233531	1.9553594556678147	0.7338212858221143	1.4640175518746976	2.3032396350151614	3.097550610674344	1.3825040766244892	2.3719838717783603	1.6826932102636645	2.053008838629461	2.557075624132013	0.7841020527865552	0.8068689280982356	2.5600589295033465	0.9491521615144334	2.0441920877708886	1.631108165838711	2.448352344621161	0.22961936940441138	2.0868932092695567	2.0128806530153693	2.0409490906222727	2.7186706146881106	0.6387709995134525	1.9280269776158725	3.2447644793812316	0.5088194487314698	2.418918328376893	1.0919168159548922	3.05524564943693	1.3002313533199843	2.557950838417431	1.8971018328451665	1.3418708065681793	2.7056327129015787	1.113346725381557	2.5176809419936315	1.0054636996069901	1.917211734004226	0.8541601510040577	2.189699118205068	0.5213078000950989	2.5365014047784347	1.0553826292061244	2.7504429423147214	1.6942731437609315	1.00839700335296	1.6079360844629016	1.1496964185162148	2.6837293718928943
S143	3.3640142419958035	2.085637854797885	1.8924066029577722	1.502076867384819	3.563019278652249	2.797241767167096	0.48753282993194264	1.458912480412902	2.5533878931226655	1.1757401466251922	1.6277678570034075	1.5383768723263376	3.0224151376028607	0.0	2.912523047729176	2.3518764632157403	3.0784147874267402	1.821179886557142	3.7218960266187944	2.359480779654452	3.878045313291705	2.409552588528034	2.576451567387407	4.187159384856097	1.2673062913148276	2.87890631061886	4.296706380512773	2.1516460867076366	3.0570648231589237	3.0118580242846407	2.8477569016725233	2.5640053655523514	1.9246934346244464	3.0235366567460273	3.1870252329354214	1.5640513239996647	2.167306398058656	2.848455925599392	2.295287885321127	1.5277063273084186	3.786748384997137	1.1159813072423983	2.6331473543209953	1.1479391116067204	0.4211961913190627	3.1450525643354053	1.6623080840450244	2.105865017129239	0.7736950403919504	3.9704680183356795	2.68674976364383	1.6892683672391167	2.1722574908435264	4.008145912716443	3.813312710801838	1.8775430653892464	3.6788146429894844	3.3799503270770286	3.828958942091632	2.92845273387855	2.7230579051113963	3.396800187043524	3.632931470828873	3.2206372143393276	2.381795872679568	2.744375559514906	3.7715160256597535	3.0998773822539953	2.29732383139866
S144	0.7154739780737065	1.42240381953394	1.0699872951639444	2.4866560486001785	0.9256298347635026	0.748371232377582	2.520558911526189	1.7194613642198886	1.698397601816451	2.550075833293515	1.4341812262976816	2.5503726253522903	0.8233873372994779	2.912523047729176	0.0	2.161818599227346	1.1842939318589754	1.8282546000705928	1.183266236359844	1.318819243851831	1.3513644095574222	1.2133227442248518	1.8872011046862747	1.6435523574902302	2.659051010742556	0.7234951127768282	1.7138134317638931	2.067837122142013	1.3602745474613551	1.7862643655931296	0.31707475178012456	1.243556594428887	1.9523541199534133	0.3726688057566136	1.2365133510369755	1.5323823950807574	1.7974639840121203	0.8617531071845681	1.4262826712640668	2.227046340814563	1.3035742652174986	2.319135915409758	0.7582999421244512	1.9023645711711465	3.03966531527239	0.44080963525484873	1.892998414144417	1.218387281746031	2.7505095242606443	1.1615127490552863	1.7972297483230533	2.0923892869418697	1.7416416162448058	1.9196260653118138	0.9444683560860303	1.9476229395413327	1.6766984535617135	1.119591684079795	1.493595655216183	1.3937054416420696	0.895364037392354	1.7205033479384944	0.7911311522299889	1.9501659711490396	2.2289861763726355	0.31148237564748116	1.0077248815694613	1.8518429456338519	1.9966281422726935
S151	2.5693433376196158	0.9772181606543037	1.6911991089494574	3.081744011793654	3.081841086616323	2.6618646968643813	2.322082218502105	2.3645237926084257	0.583873006312929	1.2942042228441821	2.1422092822142047	0.9685938428070768	2.8462050234009824	2.3518764632157403	2.161818599227346	0.0	3.1515464449835773	1.0361340241986692	3.3237031167957696	2.814878791957332	2.321859918538992	2.7645591350729846	3.2959724828914125	2.4531167148738016	1.2237972206473466	1.9657169553252483	2.589417188116879	3.198750960069699	1.4018577121115297	0.8889805276803692	2.26203247454535	2.8764875957761484	0.4789298631433345	2.1447944183064727	1.4196047317626597	2.0837936366527536	0.41722070733899813	2.7559179752021925	0.7920776147700745	2.8866713554933976	2.1227777989441177	1.2414014717752653	2.517098344000838	2.191693553742575	2.198108742955265	2.5659973178516617	1.0167162929677038	2.451286336939555	1.798123901080006	2.9988652660647643	0.5598384631115577	2.849013453672518	2.9952151559308264	1.9946191129220354	2.8952568115596558	1.0370166072797513	3.745421307997114	1.8201523705608047	3.612212399394272	1.0560051233622747	2.7203853907826767	1.329811471767145	2.69647340307001	1.0010749522013918	3.498933477148405	1.9907743495942691	2.4102372347641032	3.637617403548027	0.19607279111060913
S152	1.246725433730547	2.2797534316830586	1.580117863015465	2.1244316366141605	0.7930738888383887	0.5863004818081752	2.6019120564590574	1.624596737345751	2.7693469274890936	3.1571800492550346	1.4984821827947996	3.264829609625202	0.3802492144793979	3.0784147874267402	1.1842939318589754	3.1515464449835773	0.0	2.5486636703537484	0.803235244920757	0.7434935110892583	2.3243622762199467	0.6726929296157544	1.2591284974529504	2.6634850897372355	3.295585299396291	1.66671125753968	2.7135968843490113	1.5027306796802886	2.421532389670971	2.915468729934537	1.088406231890159	0.6998859758748716	2.833230561980315	1.3284346634675073	2.414161989294408	1.7093454815766063	2.7493541365432694	0.4503089735891348	2.4054843248414555	1.9208512265000823	2.404328209635601	2.9047247858142184	0.7847638085398136	1.971712186647589	3.3309890859019586	0.8804811740986757	2.6413397374959477	1.120240896184185	3.1808129662093565	1.5919397204895718	2.891118598457882	1.8091548881294426	1.1874653924514496	3.0715829509715156	1.4144495270484507	2.7469816251579733	0.7515484122219762	2.2637908679341088	0.7975545420220487	2.5468672352087847	0.5792419846272313	2.9029014917384033	1.3911615145649332	3.110433268886647	1.4431643273530885	1.3299427423841441	1.965202764926049	0.7996542075281388	2.986652465522985
S159	2.118432005087811	0.4637147525094287	1.0083904585364902	2.44810045659665	2.6513871414510466	2.1843186221419932	1.6892292494201577	1.6183332963070904	1.1893489416110758	1.2612566121507067	1.3743797021792905	0.915518841361327	2.287363653489428	1.821179886557142	1.8282546000705928	1.0361340241986692	2.5486636703537484	0.0	2.840567305238775	2.136125034881995	2.2748010259160347	2.0925278968667134	2.7877310337581043	2.617208000092851	1.1679119290214228	1.944909861643709	2.8304768667948093	2.605608730434824	1.3232491348642599	1.3596937939802622	1.9551343874664089	2.332665264751552	0.7896804933315913	1.756904681077843	1.6324202855194534	1.6067639442861121	0.7171909656053583	2.1317665082285613	0.7059347629056938	2.2784926183407346	2.3008592361482334	0.9976926075243575	2.0738738458500756	1.5824736531909664	1.8498579290246393	2.1282225628183786	1.1322476908560637	1.9278138855014455	1.6091863857113953	2.672219842353528	1.2381523066487852	2.306485638960405	2.372197590800916	2.462158849082018	2.5930982938392906	1.3522587120549645	3.2454293829700607	2.0579326570127106	3.059144977159992	1.3768267057335835	2.2246935668233996	1.836790551965366	2.3745015353461922	1.6455787288363863	2.8087213363735937	1.740404721878044	2.3462839665618582	3.029489563225511	1.0012166228204702
S160	0.9190326953526661	2.4991765954880543	1.987714125433888	2.902362537792354	0.28478313528267724	1.023915328808925	3.2658902942291017	2.3058154897348837	2.8730653865252456	3.6148941529901886	2.1013931992595443	3.6327266354837757	0.7031609413269461	3.7218960266187944	1.183266236359844	3.3237031167957696	0.803235244920757	2.840567305238775	0.0	1.500359512617914	1.8888031670439644	1.4056470937368284	1.9768727407555247	2.1938451303376487	3.727657043226729	1.730721551909658	2.2440139285597933	2.281826730820665	2.3134240592280997	2.8741836228947344	1.2067743751565856	1.4081510170990534	3.1033334705484235	1.2126703434792312	2.2734202700746122	2.314261461082806	2.946342865765909	0.8857493234791686	2.5573954046825036	2.683110683387299	2.04907639844404	3.362192843905298	1.240141157263448	2.629779649310704	3.938122548182102	0.7588609508994222	3.0127417272345585	1.7641772236275561	3.7310275175159484	0.9444523222096125	2.9578070757737387	2.5553448996253145	1.9667354531015224	2.759389136945885	0.8096622530215983	3.083111861839741	0.9248348009802764	2.0805316863924843	0.36406682328212514	2.5079842937100354	1.1297729982140976	2.753365417728527	0.8924206286006356	3.035975808177737	2.2412066924959815	1.4329861335701537	1.5214428862481455	1.4787579481966548	3.166338000595007
S167	1.6076430589110842	1.9574123254712885	1.1570227950416996	1.4144034936225227	1.4157429752377266	0.7263268768777483	1.8767965309759247	0.9057945695907625	2.5276484446930354	2.5707359542556	0.8633333357626248	2.744409669380258	0.8399444479233531	2.359480779654452	1.318819243851831	2.814878791957332	0.7434935110892583	2.136125034881995	1.500359512617914	0.0	2.6003397043739414	0.11704053380089459	0.9142445477529006	2.9542555409904407	2.721830990642896	1.663138362203166	3.020287798387871	0.9215315191899119	2.395930415572503	2.7894283789043106	1.1857596758607434	0.4280147921271018	2.424607202648645	1.4992554341655324	2.4273406473207446	1.0860435505562365	2.411798822712192	0.7106108460344616	2.137292829827656	1.2077000207441	2.6204255542254535	2.3228195438707755	0.7267290292057736	1.264134712922434	2.630841190214447	1.236735387161477	2.165103810185199	0.5736040543298847	2.524904888876455	2.111487157122582	2.6724415736940035	1.1321210590665762	0.5652293053434065	3.202819082450561	1.9259506579112775	2.3090713111049226	1.353246538440259	2.35978400770858	1.530110755404163	2.452737510400579	0.6125298002602089	2.8871255883373625	1.8325167138542573	3.00726067684178	0.9442150576102761	1.3357512512719996	2.291993957971862	0.9045976409738706	2.654268688589927
S168	1.1281036996842162	1.8751782434330737	2.063813986650667	3.765025948864802	1.7218747348788734	2.054591035036231	3.5704682864818613	2.9035989275476908	1.8821276251537553	3.251448211899985	2.5689896565813246	3.0199690535505623	1.9553594556678147	3.878045313291705	1.3513644095574222	2.321859918538992	2.3243622762199467	2.2748010259160347	1.8888031670439644	2.6003397043739414	0.0	2.486821776979138	3.2311257592997196	0.5659538121365376	3.2630022067482067	1.6399117727034103	0.9329378311331559	3.4086830853979593	1.0186842223478614	1.5120499822776554	1.6246712496551459	2.5760375369664197	2.389694754802808	1.1031404215373006	0.9784168864068797	2.7483992925424015	2.098135351608984	2.0013706546730234	1.7453613890100843	3.5130068926034226	0.6637719603648166	3.0419732042606062	2.1043220795363218	3.0651950573004467	3.9413224466012124	1.4568329650891416	2.6219573580514135	2.5495826236051706	3.6074176030723524	1.049133796136624	1.8419394209384852	3.402169661768678	3.0731186054591797	1.1572089221401884	1.112907021757969	2.6347095742297295	2.70707361426883	1.1192760070907963	2.218050996845779	1.3157081171237859	2.214598795534961	1.2835169262357273	0.9994950606623605	1.5981199356798435	3.5387844969558135	1.5104818347372837	0.5346603085103971	3.0877015107851142	2.230446210434967
S17	1.4906426339506431	1.8970050952805046	1.1065291117080738	1.5171805422309468	1.3148625655681854	0.6377160666891116	1.9307454130436323	0.9541250878574354	2.4651152549341715	2.5747414750709403	0.8683494213623228	2.7275530862108064	0.7338212858221143	2.409552588528034	1.2133227442248518	2.7645591350729846	0.6726929296157544	2.0925278968667134	1.4056470937368284	0.11704053380089459	2.486821776979138	0.0	0.9938602274812435	2.844415478312903	2.71984285822046	1.5890614254848419	2.915280964901081	1.0306415540357814	2.3002280008983065	2.708453861720808	1.0927264832353596	0.4333713673003111	2.3862271083772457	1.3867554111999307	2.3334838654203764	1.1119317555047645	2.359070379334221	0.5980472276849179	2.071154547129464	1.3047072085841673	2.516168916493253	2.3226022440245897	0.6547298830632985	1.3119305532427166	2.6728228491941652	1.1227635344352616	2.146986153536577	0.58873849614777	2.552269990766771	1.9969324185379285	2.605858454477043	1.2247964642939264	0.6728860212154892	3.105264223731569	1.8131932018258952	2.2882582588247753	1.3198583604915937	2.268508176294358	1.451243441313551	2.369329128948245	0.5409477552678127	2.798693913014754	1.717218677186012	2.9265356782983436	1.0581812614653887	1.2454973865274903	2.180384235344244	0.9426611749196527	2.6038091032739246
S175	2.313642607136948	2.5981222225872216	1.830984334806358	1.2778889220153453	1.8869397592898827	1.1952813968076499	2.1170180414427677	1.372474081091324	2.9807361639768994	2.865085886821184	1.4999919063301328	3.204569280204017	1.4640175518746976	2.576451567387407	1.8872011046862747	3.2959724828914125	1.2591284974529504	2.7877310337581043	1.9768727407555247	0.9142445477529006	3.2311257592997196	0.9938602274812435	0.0	3.474448640331106	3.0883566884950997	1.940372062546877	3.4371780733147297	0.5154310799255033	3.0873964044575932	3.359393538777201	1.6290575687244195	0.686051432879115	2.8778486439252813	2.1779118000933204	2.9693378287400822	1.3004414622269378	2.9359187516221463	1.458102532891165	2.727654443686168	1.103843586578742	3.1013274721280855	2.68914977109795	1.1290081607022766	1.5184544016315804	2.813325619379423	1.84863305222185	2.4583836690018095	0.8804278728210398	2.7123496623691725	2.7112603960542643	3.1533510939503437	0.9121582965306411	0.5326285112579676	3.6553992159918662	2.4706761437958717	2.5408111575849706	1.398394672477664	2.75012214476382	1.9753649279448628	2.984442217016454	1.0331247197934725	3.3823554663398636	2.4308335873030558	3.5212763118075747	0.7256816149336839	1.8074994861372704	2.8271726502903296	0.7872869414052416	3.1178294572667795
S176	1.568138795803379	2.193134673704009	2.4234564169269817	4.077353397390801	2.005233989510835	2.3384213758261736	3.895371937946202	3.2616909175480724	1.9679636966664888	3.4580244113259497	2.9408969043635427	3.259350717896407	2.3032396350151614	4.187159384856097	1.6435523574902302	2.4531167148738016	2.6634850897372355	2.617208000092851	2.1938451303376487	2.9542555409904407	0.5659538121365376	2.844415478312903	3.474448640331106	0.0	3.488584993402195	1.7152848109066008	0.4242670664329547	3.696373975054156	1.354204555437972	1.6159004993925867	1.8550418293763697	2.8610059786650157	2.5730737414148472	1.4971612530637295	1.0693248940815445	3.011518835445182	2.296958849503557	2.3839851571206463	1.9984924550527052	3.8144465445141438	0.46533123558867384	3.2863726724386355	2.3665388594746255	3.3719142907433293	4.208431115306545	1.796023166980183	2.7805101047664365	2.8297819703881792	3.832459287688179	1.3802133652496797	1.9189375562449036	3.675716386310333	3.380757779702561	0.7945686138727309	1.3918459694228904	2.7379017843447557	2.9465664325734764	1.020963091819968	2.5416724760699583	1.4193132475069774	2.4956472394195055	1.2050471291482294	1.341151020793945	1.5867202879729694	3.8692388502258286	1.735454969770578	0.6990851762905782	3.382459967151946	2.3602233312700696
S18	3.127344814193256	1.4353442239128968	1.7605342554922159	2.420947627837885	3.5137352252406076	2.868793826271676	1.4302278598425937	1.954962598611768	1.6030963498997608	0.308679008399229	1.8975278011758538	0.3808175989448247	3.097550610674344	1.2673062913148276	2.659051010742556	1.2237972206473466	3.295585299396291	1.1679119290214228	3.727657043226729	2.721830990642896	3.2630022067482067	2.71984285822046	3.0883566884950997	3.488584993402195	0.0	2.5063763016028244	3.611554366817921	2.818865966454572	2.3206788166792003	2.0417838442844904	2.671681461365029	2.8600561538315987	0.9285666449227772	2.712874867876344	2.421504980911733	1.7971306393119286	1.2102639677799507	2.952979209777051	1.5180571740778954	2.3133522156181896	3.1097744885868788	0.40440213936634345	2.692861185646206	1.6504282978950346	1.0337249916018447	3.010352663534535	0.9637487178836627	2.356765810542845	0.7224965071104881	3.6793758328354222	1.6897196252518538	2.3614587414834523	2.719891644866623	3.1341738886624024	3.54426394005821	1.1392848779441624	3.9275266556634496	2.723079041153335	3.938150137159313	2.0868706388931106	2.859809030695121	2.4762819272058016	3.3424818745585876	2.20358045916189	3.118786564524823	2.4626037190232912	3.260947177544206	3.568225692271793	1.2317488368261718
S183	1.3986723576436013	1.515362102769287	1.3023752712738719	2.5320693379007433	1.4478048900779041	1.1028373483564744	2.5349577901223483	1.897027828284083	1.434798361666325	2.3462900422070976	1.6709913169553066	2.4493850851917043	1.3825040766244892	2.87890631061886	0.7234951127768282	1.9657169553252483	1.66671125753968	1.944909861643709	1.730721551909658	1.663138362203166	1.6399117727034103	1.5890614254848419	1.940372062546877	1.7152848109066008	2.5063763016028244	0.0	1.6446303703887535	2.1498244809281277	1.563006622118471	1.6963559816595866	0.6002434358979807	1.4619126146185382	1.7677651078707983	1.0233168626082683	1.1723154491100551	1.468765852849903	1.6767030666895897	1.4447573532720348	1.4138268722624407	2.259406693718892	1.273200672365442	2.186527489597815	0.9836429860355844	1.91609952370853	2.9215579372260523	1.101038164944068	1.594616609457401	1.311766668343382	2.5582135478950576	1.7005834259120836	1.5677571427139274	2.0765945700494703	1.8984327699428236	1.733159373765946	1.4479764172461906	1.5535804019505322	2.0050578467344953	0.8240600498798974	2.0457065486763453	1.2621560862121024	1.1914422143088443	1.5291459661207993	1.3477442702092208	1.763714334829264	2.433821428458555	0.4623340242069536	1.2538396337326114	2.140010265857625	1.7781561579706433
S184	1.750620238644988	2.3854882016532524	2.562125814648684	4.118603671451804	2.0390773258375487	2.3573016554191146	3.9988024303872844	3.3609515892859383	2.0611702688267446	3.549742283900685	3.0602422662923017	3.414794949288325	2.3719838717783603	4.296706380512773	1.7138134317638931	2.589417188116879	2.7135968843490113	2.8304768667948093	2.2440139285597933	3.020287798387871	0.9329378311331559	2.915280964901081	3.4371780733147297	0.4242670664329547	3.611554366817921	1.6446303703887535	0.0	3.7004564973227643	1.6475314383753095	1.8077692869557733	1.8633918703660655	2.868218022927568	2.6928071699418736	1.6554160561902111	1.2245658472854857	3.046654849656991	2.447631817400174	2.4815319791451405	2.1721660176172746	3.849318569705443	0.5320567659193396	3.399283515084726	2.3732172509817406	3.4439673601565075	4.303146354135571	1.8804516007419503	2.830729935811425	2.851797279817496	3.907424050149862	1.5290504712125237	2.0338994611234984	3.686359420035794	3.404494887182774	0.8068322119532897	1.4785188998577843	2.753807933264618	2.911203657631017	0.9583781743043542	2.5989520499104195	1.5612587083943819	2.507832268201118	1.3173753905618153	1.4690554605259203	1.7274184534225159	3.8995827706735398	1.7630274250598663	0.8293815284673383	3.3795452855575245	2.4799771408494418
S191	2.48945665047322	2.4989022827909206	1.7275381068467581	0.7772678903841044	2.193939422121269	1.4391994515930462	1.6938852222195793	1.0486049471582946	2.9683512073143516	2.6059837600783333	1.275171289479057	2.9613985288088203	1.6826932102636645	2.1516460867076366	2.067837122142013	3.198750960069699	1.5027306796802886	2.605608730434824	2.281826730820665	0.9215315191899119	3.4086830853979593	1.0306415540357814	0.5154310799255033	3.696373975054156	2.818865966454572	2.1498244809281277	3.7004564973227643	0.0	3.1200933275367717	3.3716286942192055	1.8480536954850906	0.9151284818675072	2.749361497793457	2.321047582341264	3.0746394599970897	1.1234287120134354	2.8406073120182826	1.6067567004034653	2.6715176417990927	0.6352431255667852	3.311976501785648	2.428224093460954	1.3485725569684648	1.1825790987429905	2.4251228896631156	2.066553782202519	2.3274434797381285	0.8937511789055741	2.393055001535374	2.964385403224194	3.142130389205621	0.5185405178868787	0.358853012886348	3.8317232416281555	2.744710374784619	2.450543627916543	1.8056264577085852	2.9452969551482067	2.2736131811506253	3.03767831353077	1.2795037210970819	3.477760414276111	2.669665645502943	3.559832098171995	0.4587545086527212	1.9765827041027075	3.060526355773028	1.0953192516171077	3.0349398370413727
S192	1.4231106838398637	0.9740091387610164	1.4707379910479577	3.2733651221612567	2.1126608916790253	2.0552768450706105	2.8264612125611253	2.3695869414618804	1.1066658573662418	2.3581299617233267	2.0321130526111135	2.0422313140687782	2.053008838629461	3.0570648231589237	1.3602745474613551	1.4018577121115297	2.421532389670971	1.3232491348642599	2.3134240592280997	2.395930415572503	1.0186842223478614	2.3002280008983065	3.0873964044575932	1.354204555437972	2.3206788166792003	1.563006622118471	1.6475314383753095	3.1200933275367717	0.0	0.717643970262384	1.6234311651817177	2.4677895897239757	1.4833132487763834	1.1343543259548483	0.6262598016965147	2.2344069461414113	1.1669056025586113	1.9984865953613031	0.8397457481017593	3.0410733062040833	1.15358747413668	2.149031183131001	2.023900123745134	2.454085424668811	3.0834769820868004	1.6415684196120803	1.8452971541245686	2.252251537814779	2.7571534240339575	1.7510617983428767	1.047085127905425	2.9778510847546142	2.8067041591620185	1.3460175977833568	1.738689788313361	1.9074462668395584	2.9969163942078882	1.1958029535706245	2.617109822370561	0.661324494176221	2.180091549875891	0.919578475379358	1.5340552639568366	0.9750378882169963	3.2973459682823254	1.3951487740785573	1.2568293356801172	3.1218183080505586	1.3386182406473601
S2	2.0439455509081443	1.0631241611577804	1.7492798750150156	3.44098513752614	2.6388968184679618	2.4560305096061392	2.868045755695613	2.609644156744198	0.6335028291482221	2.085856313974238	2.310099246437122	1.76321126967773	2.557075624132013	3.0118580242846407	1.7862643655931296	0.8889805276803692	2.915468729934537	1.3596937939802622	2.8741836228947344	2.7894283789043106	1.5120499822776554	2.708453861720808	3.359393538777201	1.6159004993925867	2.0417838442844904	1.6963559816595866	1.8077692869557733	3.3716286942192055	0.717643970262384	0.0	1.971165024263892	2.817556408784138	1.1547801861692666	1.678838884456651	0.6978446093116016	2.3495605205988084	0.8577586600969167	2.5094809800639934	0.780432303049996	3.210646856211525	1.3598803599055644	1.958265534055673	2.3677478520209525	2.5674505061799415	2.9393544767899846	2.158247885925464	1.5905943928397988	2.511625029732183	2.5512931007919457	2.348357956030236	0.4769838129178908	3.1376684181722094	3.102161071592065	1.2106894780148851	2.2897764090373793	1.583135331750282	3.462033358050631	1.239827886954999	3.1957429973531912	0.4376457586866808	2.5618816459557756	0.5657629973497923	2.1024581643281435	0.3247695379803249	3.6248388258110555	1.700943594616323	1.6954069862700587	3.5389330613236774	0.8604527151954153
S20	0.9729472618067626	1.5616539968008372	1.1088110773012878	2.311984548496314	0.939146925158945	0.5577721500733376	2.441920119956265	1.6292977637227206	1.7912616634733183	2.5286981137557363	1.3885462065970824	2.606852620729424	0.7841020527865552	2.8477569016725233	0.31707475178012456	2.26203247454535	1.088406231890159	1.9551343874664089	1.2067743751565856	1.1857596758607434	1.6246712496551459	1.0927264832353596	1.6290575687244195	1.8550418293763697	2.671681461365029	0.6002434358979807	1.8633918703660655	1.8480536954850906	1.6234311651817177	1.971165024263892	0.0	1.02509096818242	2.0115202920506863	0.6868603841214149	1.431528288160889	1.376170650291208	1.90242576978359	0.8518207773594686	1.5675436349811598	2.046431986310692	1.486667474021288	2.3135269141703376	0.5181234440746267	1.7867096634445123	2.974895643407803	0.5625133832065369	1.8570686188454872	1.0148972473847482	2.6855505449920103	1.3689180551122007	1.9146286373801544	1.8853844520427747	1.5419094007314968	2.0833079037836235	1.1143990690690104	1.8963570176808684	1.5207686570805647	1.216381321234732	1.4963584307341908	1.559003823426084	0.686178371993558	1.8871193163875108	1.008441536335398	2.113900324691836	2.041464126371012	0.2785176204575454	1.2272805020119153	1.6600250057190125	2.0838352562893894
