	S198	S206	S214	S222	S230	S238	S246	S254	S193	S199	S207	S215	S223	S262	S277	S285	S231	S239	S247	S255	S263	S270	S278	S286	S200	S208	S216	S224	S232	S240	S248	S256	S201	S209	S217	S225	S264	S271	S279	S287	S233	S241	S249	S257	S265	S272	S280	S288	S202	S210	S218	S226	S234	S242	S250	S258	S203	S211	S219	S227	S266	S273	S281	S289	S235	S243	S251	S259	S267	S274	S282	S290
S198	0.0	0.4700987824315363	1.7009886066906534	0.8365889651957973	1.5567078297877819	2.247341703398533	2.178500694904251	2.0597268831994904	1.8291742089379424	2.514649077571191	2.2898507593392283	2.2731429468001942	3.0010773477135793	0.7536187693177392	1.1191090957189291	1.4454970443948947	0.29789513557867126	1.1841232461231324	1.21050210345776	0.5307944982336404	1.6917723716006683	1.9392625524872067	2.819154184098847	2.090807828348453	1.3396612484954051	0.9248068127146674	0.9602594424578631	1.285715809026359	1.5556141938944812	3.2481371224897178	1.1280288558610518	2.7409829238938195	2.206473280449458	2.5358165221959963	2.8265503340834752	2.4349817930567017	1.4796314796722663	1.2078355448726465	1.1557491368960724	0.7430259109181405	2.8032625051119147	3.066605181652099	2.774183437309484	2.8621463954896367	3.2217957010154428	1.1203078849917751	2.244394886757077	2.6650141070885076	0.5541120127134653	0.8660120322713363	2.4466555775374013	0.982893353769794	1.10164195367138	2.1855665509598965	1.939857013621793	2.8246579103025753	2.437425354104926	1.608941635824022	0.7143671084536602	1.8584680917004206	2.082398492129813	1.0618447309954966	0.8973610579657713	1.1794178441373275	0.9870857260485076	1.6682205721531023	0.6797236157691858	1.1426327704623698	2.794172954353767	2.2839710841129155	2.00079076977396	2.2789980815751525
S206	0.4700987824315363	0.0	2.056428712095188	0.42098730715093396	1.5029485891783454	2.512860179740185	2.350630737075737	2.184667222128429	1.694057606890354	2.8525450144025912	2.5209729568358537	2.4341848205912124	3.0877468148538956	0.43425617446631326	0.8989997340301722	1.7918519186252568	0.6764314420877523	0.9189168153573529	1.5167061200821044	0.743585088110127	1.5804379092024088	1.7827433132932724	2.6319495450426693	1.929095489212078	0.9103557808516524	0.6234618135651854	0.6392737605087219	0.9640821306205013	1.905889780849689	3.487191406386319	1.5112083169905155	2.8745106304498256	2.60468845576798	2.8480381253951736	3.0910722728264037	2.5619931745178057	1.0667806533196356	0.9420857699573312	0.7565742464562086	0.8212716029288119	2.512833396026647	2.7394418816932324	2.478788480084244	2.5137738793641766	3.0472420066032484	1.2269696175307439	2.1213132826195595	2.486539383666541	0.9079681570879521	0.6031021002515293	2.0661854738726384	0.6201446581825658	1.17353871679754	2.138276214656039	2.062516087202063	2.804880309385974	2.26925221669779	1.6882391579771763	1.1127551287076622	1.9176082919528195	1.769672003389708	0.9224730013382509	0.6154387955239812	0.9211757092529974	0.9113482287310795	1.6036124715179316	0.32905569259652145	1.5700356377919233	2.9622407105322375	2.426442549672377	2.2549656717240683	2.4351127469185445
S214	1.7009886066906534	2.056428712095188	0.0	2.43497241591704	2.707542934871334	2.9965467288111705	3.199252719047857	3.2371725696859026	3.4122879550613163	2.696759341978002	3.1258987388568573	3.2682697889935555	4.086029330791125	2.4364146401387234	2.7269483817821794	0.269803534567954	1.7954280546424963	2.8850865974904463	0.6229806754978114	2.0707761945484693	3.2363311129643035	3.5441807939123597	4.390586549430839	3.615662643171207	2.9602900712343376	2.6143626227350256	2.29100761196896	2.980184449305446	2.133997316608237	3.8421652413546066	1.9343266928056773	3.795187983134218	1.987612570947867	2.929956984172753	3.3964758716635184	3.5242844043855133	3.122173021641247	2.9035877039687303	2.7937788897800333	2.3235839590678125	4.423654746080619	4.6722047213980185	4.391042935793124	4.476385449766023	4.709354798636323	2.5142243430670477	3.7756503208247163	4.232394479888769	1.3174875313228742	2.56555455137067	4.091536847015689	2.618560739005587	2.6275601541894913	3.6580297135976414	3.1767799174924227	4.198624413066454	4.010601886826127	2.993052431126679	1.1724699562726	3.19927742535458	3.7707631145279183	2.7385273855330876	2.5939947592879684	2.8803534083880935	2.6252876449655926	3.2446844304523323	2.2524863460975486	0.6993492156763316	3.7151523019618735	3.3612386569160497	2.7949229661778183	3.3352870054381483
S222	0.8365889651957973	0.42098730715093396	2.43497241591704	0.0	1.696886900366709	2.725698750612149	2.505642036828597	2.295436164077404	1.6134859686614342	3.1673683478175643	2.7150082075370876	2.595518812415342	3.180508116586733	0.2845542121967057	0.8966577620829633	2.1747477848222676	0.9758177562394046	0.6898357868294619	1.9141387521308266	0.9648151600345777	1.551213483873702	1.669144447714388	2.4930028802027056	1.8705181346524105	0.5518793913039106	0.37930013631868026	0.49209463560977496	0.6944635249512185	2.2067954113624646	3.6975389285242573	1.792416788908673	2.981541525747734	2.973734973030247	3.1242375997937217	3.3209188121366977	2.6793135597370976	0.7336833110212139	0.6678905854344946	0.5361286838796586	0.9552442856247629	2.3089017892096506	2.519829032448292	2.2762053093566124	2.277477184975374	2.9500562677639053	1.380988937840555	2.047837601658593	2.3583337700924374	1.2164223289259473	0.45607467967681686	1.7782211816147506	0.23467563550338386	1.213364127390505	2.1041970184633065	2.1538628154667006	2.784811947834652	2.148929358692141	1.7499593152382331	1.5225789764904587	1.9822642519051161	1.4959762667155165	0.8346172792116748	0.4221778380671218	0.6966162418349967	0.9196467788888781	1.5318942630606465	0.21154532049723596	1.9552930506698962	3.110193522419809	2.557158058939848	2.483066116427693	2.5704394008924316
S230	1.5567078297877819	1.5029485891783454	2.707542934871334	1.696886900366709	0.0	1.8708715377330591	1.5815792324962537	1.495621104073679	1.3136827111940979	2.156358835657266	1.7904047552469842	1.5523852205051683	2.0534545261169983	1.5285746134665046	0.9568092711643669	2.4695042021462577	1.5339916267988871	1.5482986639564071	2.146671782396555	1.3783790983587603	1.1028751123147225	1.445058861726125	1.983342865337239	1.2083654629865044	1.7293320907411218	1.5925005267525243	2.093298514821444	1.5542229908772887	1.5890499228829258	2.5327093181522957	1.6466636451212524	2.0122596614261634	2.232790987767598	2.1179155421447287	2.2405146365014876	1.7026513048815777	1.6974761123508182	1.6983067407296657	1.39705506605681	1.2772165345171422	2.0373625464407557	2.2663085485887575	2.002840655427231	2.161699401772253	2.137116349718474	1.0405563730040162	1.4875873141749791	1.8458065930972605	2.0597610690883834	1.4724376263052041	2.057827759689272	1.775959958667987	1.475118582925732	1.5450148265419268	1.5332064737427824	1.9998224685810204	1.6887574308904252	1.3761666693057042	1.6188801145404548	1.3320375733845031	1.8461446351797168	1.4029277679454628	1.526461333970911	1.5505549954497728	1.2368505191871846	1.4972572841643732	1.7563295281676188	2.1889976887439375	2.036200709257279	1.6139539806370367	1.579201159132977	1.6596221435407472
S238	2.247341703398533	2.512860179740185	2.9965467288111705	2.725698750612149	1.8708715377330591	0.0	0.5362062053208634	0.8114570166540749	1.9171522653639093	0.9648268081776333	0.2082724147372208	0.5980833341830828	1.2929526924381085	2.4556035966800165	2.117379024006278	2.8564333198681937	1.9926849711143189	2.392677972084547	2.7336819411527613	1.8240073130377819	1.7877750226130507	2.039546619230181	2.5212610898621755	2.038331933247661	2.9112375700554667	2.479858348018003	3.0903450033993307	2.5286858196543354	0.8673482037648993	1.0504407263259892	1.2449453106631057	0.9266725577866193	1.484606823913332	0.6386341869283131	0.645296989485381	0.8061092526729059	2.8897781370469064	2.486517978833365	2.6211585971501243	1.7780211874537533	3.0060620581760666	3.3722851854299445	3.008726280509954	3.34695660183573	2.682415205123033	1.3696781354578245	1.949836255658005	2.391233876717956	2.532243357655786	2.348386097465016	3.270093309967921	2.7222053526942007	1.647549569145876	1.634624008351968	0.9075288666685747	1.7366131074375502	2.2369655857818915	1.2191848520660493	2.0989092441352577	1.150065082316665	2.787909001891197	2.071674165898824	2.407828171658016	2.3793185639053953	1.894163572557793	1.7658625321786792	2.688424946225952	2.3664581602389534	0.7904382111941474	0.6943619504617475	0.30665640317299403	0.6287632882955912
S246	2.178500694904251	2.350630737075737	3.199252719047857	2.505642036828597	1.5815792324962537	0.5362062053208634	0.0	0.3202826179903581	1.453142999032332	1.3998488838837222	0.3597284786933222	0.17702032762664488	0.9296532858484033	2.228333535814652	1.7905946510610515	3.022818699586515	1.937882419520241	2.0810024771230986	2.844799387111791	1.709004229034738	1.3383070353575781	1.5674862974088057	1.9894363497245329	1.536810684114808	2.5987501873616856	2.224771583540121	2.923176412436229	2.19685656407428	1.1138669940150783	1.2437595902545295	1.3751050317912639	0.6004290476079176	1.8895131502486104	1.0942877363595582	0.9664230553179526	0.3388428882984892	2.5459323765623605	2.18819834485431	2.311186948888722	1.5905603091804226	2.4873641238262176	2.853484505915264	2.4920348644062718	2.842527516438483	2.150132109409659	1.1312395980543513	1.4321272770077678	1.8614546226546573	2.559509239488671	2.094041081984164	2.805869382600329	2.4789209604969726	1.4236090025441703	1.1262270570466901	0.4984587696681577	1.2341949367739127	1.715876173373564	0.8648869822932278	2.168929830333075	0.6895485098186149	2.341947245411675	1.781783233644393	2.1517132181840037	2.0691732608065148	1.616647059487637	1.3653309871281012	2.508346202705183	2.543338739306917	0.6211601873174907	0.18298469931203679	0.49787238357726127	0.1440516009468784
S254	2.0597268831994904	2.184667222128429	3.2371725696859026	2.295436164077404	1.495621104073679	0.8114570166540749	0.3202826179903581	0.0	1.1527240204709428	1.686280499062861	0.6629765047000384	0.4283772795209642	0.9878397404008513	2.015052204062266	1.5675624651364914	3.0433673013418088	1.8219791960324287	1.8189783266193986	2.8482103814804574	1.5639588344760134	1.0579056491959398	1.2609658817659932	1.7211703563199583	1.2729912055830663	2.348404391728549	1.9911568506973716	2.7313416711652194	1.9314283590197086	1.2394142585530696	1.5379105824555848	1.3804771940444733	0.6934963803519638	2.107013395721356	1.397835000552902	1.2829509766371876	0.4032911328418922	2.2838514156337757	1.924637163825546	2.0753959331455447	1.407919724539093	2.2094378419813845	2.584841214467117	2.215588250191012	2.5668775184134374	1.9419487373648257	0.9610052868257004	1.144119343275046	1.5876163018374787	2.4744858010627757	1.8657073145699399	2.516148424289145	2.2479775383623473	1.2012247995195826	0.8236000065064685	0.22110477537472537	1.0399352487709739	1.4285337204818307	0.5940567570651466	2.1538342169958393	0.38371862387791533	2.037693303965013	1.5317920313076412	1.9201071845416295	1.8071520784198873	1.3849286838479493	1.0579732962763635	2.314742908402019	2.564229520256019	0.8390220130403588	0.2854816929670406	0.7345373241966137	0.3007251299622735
S193	1.8291742089379424	1.694057606890354	3.4122879550613163	1.6134859686614342	1.3136827111940979	1.9171522653639093	1.453142999032332	1.1527240204709428	0.0	2.6764990971118445	1.7941038428269354	1.5073867403020629	1.7697662032103942	1.3771393918483406	0.8553280630749702	3.166269427697647	1.6962361781114619	0.9882283215283055	2.8985526353520834	1.404233706641612	0.22368620206241596	0.15441875951433637	1.006792879481715	0.4409674850296928	1.428239221823654	1.277421387166863	2.1023084005469252	1.0180231267660296	1.9637596460960922	2.6480250383820914	1.832238066574055	1.6814733065056202	2.9041389924210943	2.464168074852999	2.41238218613847	1.434940343390118	1.2982246952425398	1.1069482776363981	1.2224035626682046	1.1441433147987554	1.214775084335657	1.5873870980523637	1.2114717460785878	1.5038487576056025	1.460141686492473	0.9689178808533677	0.4435680061167122	0.8502976310182748	2.3497403457393102	1.1927049348006418	1.3710693756465715	1.5075139108363067	0.9838328748637126	0.5486246230912131	1.0590433029262465	1.2019037303089788	0.6166790791648323	0.7900173778492321	2.2462186321561086	0.7775295651926452	0.8924083776031035	0.8780467694022098	1.2242022033229096	0.9842469296964643	0.8619157893134323	0.42023574738194147	1.7279307912788155	2.7676565544308773	1.9039207026601574	1.3917972197643222	1.7463126701199074	1.4366392939687143
S199	2.514649077571191	2.8525450144025912	2.696759341978002	3.1673683478175643	2.156358835657266	0.9648268081776333	1.3998488838837222	1.686280499062861	2.6764990971118445	0.0	1.095730964114556	1.378302196925572	1.9992921646770132	2.936238896392353	2.644802799536678	2.619991409284197	2.316980981681805	3.0107093098887003	2.549397672978783	2.2550202302220153	2.5009533772907564	2.817797203479093	3.321995170016082	2.741924581549204	3.443251514798366	3.0156930849922565	3.455523691228643	3.137642922943579	1.0020135345694885	1.2360785926472535	1.5379487581798075	1.753217116724177	0.7764611422747129	0.3872862210624065	0.8608533330206023	1.6494997497798798	3.457582683090495	3.110163143659961	3.1296680178087497	2.298860909424636	3.739639905537826	4.071586241194368	3.7318998146568974	4.031532285341603	3.4145798747183926	1.9498776498972503	2.7439472511846077	3.1888192951446745	2.68574153368748	2.88122215144106	3.9452527091622684	3.2292705486359035	2.3117072510638015	2.4837111309867037	1.7968797935567962	2.5961519989649986	3.035750931692874	2.023135636021265	2.088306822692129	1.977457590447771	3.518250602304152	2.6964416881732873	2.9440720048630507	2.9995208322643507	2.492749115704574	2.566579804234132	3.0954480884562114	2.2188653291376843	1.4970445694836363	1.5538831289112183	0.9696453039406562	1.5124023719924389
S207	2.2898507593392283	2.5209729568358537	3.1258987388568573	2.7150082075370876	1.7904047552469842	0.2082724147372208	0.3597284786933222	0.6629765047000384	1.7941038428269354	1.095730964114556	0.0	0.40040486430017275	1.0925981713250112	2.4414225736239112	2.054651206128664	2.974010409997973	2.0408553619080614	2.3448920372607933	2.8298251682143634	1.8491454901788669	1.6701433732016335	1.9125201442614208	2.3457223141236767	1.8876455101583653	2.862523592749307	2.455672130772104	3.1022499679068396	2.471908433468649	0.9932926852694375	1.0073751310553656	1.3509820678736997	0.7383307988450312	1.643859653289963	0.7608718615757046	0.6569975384537159	0.6052303459362454	2.827179517127244	2.4455498527272552	2.5704748983474883	1.775441450365238	2.8459327656263347	3.2101291790947935	2.849869587890954	3.19653757874809	2.4869548579406686	1.3388496221709507	1.7914039865000217	2.2196513724475655	2.612780631687947	2.3233728915862732	3.1475295893064654	2.7038742874186	1.6318139823773343	1.4806977174270346	0.7961073286412632	1.5469819556368805	2.075338073426917	1.1427088283499736	2.1813934678959512	1.0243814990829443	2.677118326788104	2.031610063411966	2.382642408156928	2.332220552523772	1.8568643072808895	1.6745732307941397	2.693856843797036	2.489563295913861	0.6139331379528379	0.5027625094917629	0.34140515446228975	0.4421140546792669
S215	2.2731429468001942	2.4341848205912124	3.2682697889935555	2.595518812415342	1.5523852205051683	0.5980833341830828	0.17702032762664488	0.4283772795209642	1.5073867403020629	1.378302196925572	0.40040486430017275	0.0	0.826097317473507	2.3220582114339745	1.8478367894109422	3.0921858835237077	2.0447670336373434	2.175094828520403	2.9050905019993127	1.8182824637338906	1.3859781962583526	1.6216055133465657	1.9863143160559757	1.5406051602690274	2.6740128246566224	2.3218388957339715	3.0187004634977606	2.2807982134076017	1.1892693310610567	1.1590338836424614	1.4931018904943374	0.56101238360847	1.9073519473578413	1.0760401274594709	0.9132661869003617	0.30375547636561323	2.6156978941997666	2.2896815946682043	2.3784189401301243	1.6978530024115854	2.4885092607720156	2.844430283102391	2.492298884055608	2.844488476397674	2.1002129412317054	1.2252962981346072	1.4521518738623507	1.8632588314868213	2.6649104923280773	2.1892133034556642	2.837867024012329	2.5758140946038313	1.553240485243512	1.1712164168226662	0.635163780752319	1.2226864905057202	1.7318458605984077	0.9875497987222709	2.24032975261605	0.7756626760178286	2.399592116709536	1.8837885110953507	2.247728466011821	2.1643572601922094	1.714317103848008	1.4651870300200271	2.6046961295484317	2.6258130428781623	0.5342086737563678	0.20753057698441044	0.5505771728703981	0.21956890460477194
S223	3.0010773477135793	3.0877468148538956	4.086029330791125	3.180508116586733	2.0534545261169983	1.2929526924381085	0.9296532858484033	0.9878397404008513	1.7697662032103942	1.9992921646770132	1.0925981713250112	0.826097317473507	0.0	2.9097770771058484	2.355206358529855	3.904588543499893	2.783180623573456	2.655328431766543	3.700269015652984	2.525925920442946	1.7246027643332507	1.8292657522801365	1.7950017665569238	1.6755929648218015	3.1382778089785415	2.872132615987175	3.641899891269107	2.7305693544341643	2.0118552076058207	1.2066703969211894	2.301098627786839	0.44499840345667524	2.6457451555358333	1.663039871364834	1.2754196349392894	0.6120989083694407	3.0337313366007663	2.772045363044482	2.8676614591733744	2.3567789580922978	2.4151230197075737	2.7470771474752564	2.432835804458163	2.8289073116086465	1.7307209364625917	1.894476703064059	1.5017859378873584	1.7276500559809038	3.4333126605159046	2.7508117817586015	2.9743131724271965	3.127584537217459	2.1571637710241798	1.2804946014048377	1.1709475100760638	0.8661518441662075	1.6965756429616963	1.5282085479807894	3.035115487384289	1.2306788185711084	2.598876353151929	2.4132797165241784	2.802406468105654	2.646514486063367	2.2828162353458095	1.831960296500146	3.228664037975375	3.445769955910284	0.5581159372838473	0.7742184184468649	1.3534312678348064	0.8176560443816839
S262	0.7536187693177392	0.43425617446631326	2.4364146401387234	0.2845542121967057	1.5285746134665046	2.4556035966800165	2.228333535814652	2.015052204062266	1.3771393918483406	2.936238896392353	2.4414225736239112	2.3220582114339745	2.9097770771058484	0.0	0.6899200909859731	2.1768552625893816	0.8141072898639091	0.4970618474153678	1.9189209154922282	0.7336130145763069	1.3069619735131692	1.4439744233781213	2.299875273262036	1.6595510823013417	0.6259028663990194	0.19040465064294987	0.7428774666492235	0.5611934088108901	1.974843451468371	3.4277919898160887	1.5694187148712304	2.7018745205235164	2.7872343455415116	2.8739744799982665	3.05498802537624	2.4016550956708964	0.7511288136829801	0.5078855297813354	0.4914184849142858	0.6843806426653379	2.184208138822215	2.4305896873546957	2.155425369880789	2.2068260820125456	2.758867389695433	1.108296681290575	1.8169037860499933	2.1586408512284656	1.208089484415296	0.19448766401570916	1.741513078263882	0.2994872045734273	0.9333348200489879	1.8462807204458744	1.870534914864299	2.526756266085834	1.9403309316151376	1.46642401402102	1.4351290199845268	1.7039788327161802	1.384787512207762	0.5655979304523198	0.18661768607775747	0.49885647160408586	0.6384018992029774	1.269688453032823	0.35082622265560615	1.8955674527105646	2.8332476672296436	2.279015900832902	2.218659169755288	2.291145411217959
S277	1.1191090957189291	0.8989997340301722	2.7269483817821794	0.8966577620829633	0.9568092711643669	2.117379024006278	1.7905946510610515	1.5675624651364914	0.8553280630749702	2.644802799536678	2.054651206128664	1.8478367894109422	2.355206358529855	0.6899200909859731	0.0	2.4656280172318907	1.0965168321660408	0.5944552487988485	2.167005086472467	0.8810091868325265	0.7293711413253992	0.9523576951074896	1.7588112717867566	1.032250913691927	0.8642467720755467	0.6846129432758354	1.3756572422096627	0.6046501209759513	1.7939640632980538	2.985007597503977	1.557555177558735	2.219405776546261	2.647532640204417	2.547256216774755	2.658401624082201	1.9121491855370505	0.8329389488404642	0.7452453520957226	0.5416188568147333	0.6887641721690679	1.7013156238815241	1.9700845231201334	1.6705808145633132	1.7887496447562221	2.1504397411348872	0.7867953943259453	1.2536989585445155	1.6115360825264404	1.668806179189452	0.5764753146551134	1.4654247847533264	0.8926229094652997	0.8684312730627344	1.333004352838882	1.471746038768279	1.9871557467679055	1.4002508554059179	1.1054430670907158	1.5924596198075278	1.2373659646823765	1.1159347677926097	0.5305970118934151	0.6215820903912307	0.5983706238488096	0.4694172540029943	0.9224880462608327	1.0066375812746622	2.147189982250219	2.3531731996658745	1.8105894758107641	1.864070399811293	1.8420514601152649
S285	1.4454970443948947	1.7918519186252568	0.269803534567954	2.1747477848222676	2.4695042021462577	2.8564333198681937	3.022818699586515	3.0433673013418088	3.166269427697647	2.619991409284197	2.974010409997973	3.0921858835237077	3.904588543499893	2.1768552625893816	2.4656280172318907	0.0	1.5555469330605143	2.6283427276095703	0.36854530466095314	1.8319525880603797	2.991213094355236	3.2967158179636233	4.143358234580489	3.367459851706487	2.695787950697242	2.356838579491416	2.044946633236256	2.7192560616288746	1.989244294418804	3.7289654312819502	1.7635100547299274	3.622097011264513	1.951378983095913	2.8316498316487464	3.2822391427108433	3.3417888897064407	2.8564454946909428	2.649573989724091	2.5265743076843665	2.0820415225528617	4.162239843446873	4.407243739581966	4.129013681167327	4.2094479564497815	4.466728504547995	2.2853709273091227	3.5347502460157396	3.9857589156350843	1.0892917899771561	2.307644946421383	3.823351847605914	2.3617611875441207	2.399616356182542	3.429670676007585	2.979114421278549	3.9842008814536674	3.7643245074813345	2.777207525052859	0.933265283793732	2.985066286340055	3.508927274885596	2.4883754286434456	2.336175713042389	2.6241479891023394	2.376816047068707	3.0085552067732952	1.9961213865015068	0.5340516835567038	3.5564019945401935	3.1791098198997987	2.6398149345549755	3.15698698702636
S231	0.29789513557867126	0.6764314420877523	1.7954280546424963	0.9758177562394046	1.5339916267988871	1.9926849711143189	1.937882419520241	1.8219791960324287	1.6962361781114619	2.316980981681805	2.0408553619080614	2.0447670336373434	2.783180623573456	0.8141072898639091	1.0965168321660408	1.5555469330605143	0.0	1.1510045341671082	1.3553090457564057	0.30098919425348	1.5604023044051951	1.8115057060755595	2.700959474028154	1.986966165136604	1.4353920539618665	0.9490280019729211	1.1703705877553405	1.2852899769048782	1.3313858644936536	3.0120862834814535	0.8679685193093839	2.499199602358993	2.0570075689542984	2.3113956842824837	2.589129745847969	2.201835372871248	1.5494901099645344	1.1792483435529448	1.2320812289254681	0.5570638312762103	2.7536113070870853	3.046155329847694	2.729889555331076	2.8588809180050543	3.1088929295015104	0.9154573341333121	2.101330227801552	2.544200014956056	0.6799257742705053	0.866972732593631	2.4665518251413334	1.0660200164107547	0.8750471816560014	2.000253652205301	1.6928709266564317	2.6241538719649973	2.3122693066357964	1.3755075207009992	0.7527137490581675	1.6401455599452708	2.045812997881909	0.9576953679356521	0.9082305887524056	1.142010289520035	0.8581728891006007	1.4892073274593687	0.8375175946703605	1.1635274553303114	2.555432236522419	2.047873385915251	1.7618064438620775	2.0368976085549995
S239	1.1841232461231324	0.9189168153573529	2.8850865974904463	0.6898357868294619	1.5482986639564071	2.392677972084547	2.0810024771230986	1.8189783266193986	0.9882283215283055	3.0107093098887003	2.3448920372607933	2.175094828520403	2.655328431766543	0.4970618474153678	0.5944552487988485	2.6283427276095703	1.1510045341671082	0.0	2.3717743506894275	0.953854775288464	0.9841080451330715	1.0208863297454633	1.8600819006789506	1.3086832303414402	0.5967227540156964	0.33157307167094885	1.1534365004310887	0.18748770454322813	2.084491193140527	3.3191948617127154	1.723876841558766	2.474022916459488	2.985464955202935	2.8869546533908164	2.9871057330798263	2.194110224717826	0.5817545522238803	0.15632243910612906	0.49113395214106054	0.7704862032653974	1.761391609891739	2.0361289967551595	1.7398221167447574	1.8273663985710704	2.3571185001252997	1.0671155454514896	1.422394604603125	1.725276059362644	1.6538641872557887	0.32560886649960374	1.3789403915877656	0.5328502903751217	0.8195854310404929	1.4812072104653486	1.6639841332042788	2.159705502367833	1.510620087521583	1.2521613556709197	1.8220609302968096	1.4634388896272992	0.9309272765868266	0.3285856541172787	0.3134079714729628	0.019163456736128893	0.518412536293025	0.8978475298148685	0.8185206472775386	2.30036164520488	2.652533146491949	2.094790452943211	2.1814344678469433	2.114674312073454
S247	1.21050210345776	1.5167061200821044	0.6229806754978114	1.9141387521308266	2.146671782396555	2.7336819411527613	2.844799387111791	2.8482103814804574	2.8985526353520834	2.549397672978783	2.8298251682143634	2.9050905019993127	3.700269015652984	1.9189209154922282	2.167005086472467	0.36854530466095314	1.3553090457564057	2.3717743506894275	0.0	1.6185247930109277	2.7186665457050365	3.0289496734754016	3.859463457146069	3.075049245798499	2.4124073860362647	2.10462958291139	1.8199433362870607	2.448611107733505	1.8740850228421135	3.610405917341763	1.6541599501639688	3.4443741760725857	1.9429934744493544	2.7428438769635264	3.170562297134245	3.150510029104157	2.567134521755519	2.405356994417136	2.228963060100458	1.8536405837688557	3.852095959423733	4.084157010781588	3.8165386478653547	3.8861235530173786	4.17110493770953	2.052874709213144	3.2649729496792723	3.7036551447653743	0.968225328775853	2.0511293424925956	3.5118782807929376	2.1137309289355746	2.1999788280219246	3.1869062499699523	2.7895942393002278	3.751648761614207	3.486786658024092	2.570098794790149	0.7052357716909105	2.7650974198669287	3.224452930764879	2.243821849042372	2.0814232557437475	2.3692153842848063	2.1281398263374265	2.776056240304087	1.7527393955500241	0.5809840638653992	3.3900035739161662	2.9912608439423845	2.491280800334924	2.977277728771272
S255	0.5307944982336404	0.743585088110127	2.0707761945484693	0.9648151600345777	1.3783790983587603	1.8240073130377819	1.709004229034738	1.5639588344760134	1.404233706641612	2.2550202302220153	1.8491454901788669	1.8182824637338906	2.525925920442946	0.7336130145763069	0.8810091868325265	1.8319525880603797	0.30098919425348	0.953854775288464	1.6185247930109277	0.0	1.2717338091179324	1.5210534520604815	2.410513944106375	1.7078001571416028	1.3338517334725117	0.8275748935191142	1.2707427650459349	1.1014958820980454	1.267476098314487	2.8385892479299977	0.8358127244550582	2.2507670329397995	2.0982254863981797	2.2043862036168522	2.432918623387026	1.9523317345983684	1.4133370635922415	1.003106636066155	1.1031942839147844	0.26219499339482827	2.493050256666649	2.801016507505013	2.4722834882560423	2.6264783692979212	2.8231234617905243	0.6434730843954563	1.8063647541208443	2.253337294767352	0.9768403312345426	0.7184602476608531	2.259366768195424	1.0069655643173838	0.5907210241645806	1.700866895840689	1.4270841738825215	2.3299823174535033	2.0205596234471623	1.0887034814247332	0.9722693067647883	1.3561689482274244	1.8095322719471707	0.7088343793349736	0.7707509758783586	0.9428327380637987	0.5827551559703729	1.1916735286909959	0.8812109849702082	1.4204712671759607	2.330049922300461	1.8041402130810813	1.5942059870794156	1.797694490863627
S263	1.6917723716006683	1.5804379092024088	3.2363311129643035	1.551213483873702	1.1028751123147225	1.7877750226130507	1.3383070353575781	1.0579056491959398	0.22368620206241596	2.5009533772907564	1.6701433732016335	1.3859781962583526	1.7246027643332507	1.3069619735131692	0.7293711413253992	2.991213094355236	1.5604023044051951	0.9841080451330715	2.7186665457050365	1.2717338091179324	0.0	0.3747255484934116	1.1581178936199188	0.4584586187712167	1.4195357844972736	1.2355897478545654	2.0401961313360024	1.023201834142746	1.787210751936674	2.5384543282689465	1.677751505320569	1.6272425479251713	2.711704003717183	2.307511049633389	2.283960559782937	1.354165598923187	1.3092232528359817	1.1186678827750947	1.1712462179703456	1.0196151483206952	1.3548992410730405	1.7102753002101365	1.3448668655442328	1.6203056108422331	1.5531323566962232	0.797320889407081	0.5567517119403134	0.999013081563164	2.2201655361543255	1.1333914927390374	1.4825304402634865	1.4749240197306617	0.9100486036795834	0.6123521003770572	0.9802265798096081	1.2612918656558236	0.7746359216655815	0.7034902272845978	2.065574087690447	0.6885907440207057	1.0369982627533683	0.8315495306973085	1.1740292262852599	0.9800999746866264	0.7650808563978244	0.4816582987695789	1.6536448469752767	2.596526674787388	1.8195839676518333	1.2949703509238681	1.5929163493986225	1.3404235287710327
S270	1.9392625524872067	1.7827433132932724	3.5441807939123597	1.669144447714388	1.445058861726125	2.039546619230181	1.5674862974088057	1.2609658817659932	0.15441875951433637	2.817797203479093	1.9125201442614208	1.6216055133465657	1.8292657522801365	1.4439744233781213	0.9523576951074896	3.2967158179636233	1.8115057060755595	1.0208863297454633	3.0289496734754016	1.5210534520604815	0.3747255484934116	0.0	0.902957456070522	0.46165924387160906	1.4415491251941701	1.3284754534870782	2.1552964855642465	1.0365896104735786	2.109325328659957	2.7499348431201494	1.9678061338157398	1.7557956125982686	3.054167982230751	2.5968460769483874	2.5283475559060884	1.527198869447277	1.2970520406447477	1.1283541460444602	1.2659353991326743	1.2592112935237443	1.1010250068382454	1.4812959951440825	1.1019931017236229	1.40234067101643	1.3935636995701126	1.112753277956042	0.41432724132821536	0.7521542817617822	2.45649448557252	1.2569306571320453	1.2792063743447992	1.547157872597306	1.083798682551048	0.5760055136313433	1.1642403188056565	1.1971852058614478	0.5195090112830274	0.9074524547383593	2.3815154734746207	0.8914678788098093	0.7924305253835404	0.9497125742193346	1.2817977676956034	1.0177951138331203	0.9635100694152173	0.47852717389135735	1.7937311185746847	2.9005632573768305	1.9937691239994353	1.4953441872838642	1.8803336208341366	1.5407773117160921
S278	2.819154184098847	2.6319495450426693	4.390586549430839	2.4930028802027056	1.983342865337239	2.5212610898621755	1.9894363497245329	1.7211703563199583	1.006792879481715	3.321995170016082	2.3457223141236767	1.9863143160559757	1.7950017665569238	2.299875273262036	1.7588112717867566	4.143358234580489	2.700959474028154	1.8600819006789506	3.859463457146069	2.410513944106375	1.1581178936199188	0.902957456070522	0.0	0.8009508200928742	2.153282149249541	2.1770423723688466	2.9739223813163074	1.8266117660142156	2.806838826388283	2.945163420303079	2.7739871543561923	1.9137492545200412	3.7008352823078106	3.056728184878766	2.856787565313677	1.797514993971177	1.9677053851135755	1.9563932486382951	2.0226600919319546	2.150718057736429	0.693496829777825	1.0425816083648733	0.7329698133229646	1.150383301056686	0.5849483211937468	1.9318625464633845	0.65044648978067	0.15986446255723924	3.348364870546207	2.120691758212008	1.4038268141526373	2.367081898602549	1.9659324522900608	0.9400509154151968	1.7066123015490593	1.016730016001072	0.39130281453499866	1.6332914915638472	3.2189353266529235	1.467548359650887	1.2055760281659207	1.8441136479583156	2.1387206335833584	1.8607742026930874	1.86006561332533	1.3187449725122737	2.643134918040691	3.754128049072406	2.1810821461866627	1.8493747060242867	2.414262198771585	1.9127730490619463
S286	2.090807828348453	1.929095489212078	3.615662643171207	1.8705181346524105	1.2083654629865044	2.038331933247661	1.536810684114808	1.2729912055830663	0.4409674850296928	2.741924581549204	1.8876455101583653	1.5406051602690274	1.6755929648218015	1.6595510823013417	1.032250913691927	3.367459851706487	1.986966165136604	1.3086832303414402	3.075049245798499	1.7078001571416028	0.4584586187712167	0.46165924387160906	0.8009508200928742	0.0	1.6317970257224101	1.5794018231916105	2.361433699589726	1.292499688248227	2.1396083682430858	2.6365893106597404	2.0976208727657704	1.6967273701237557	3.020917581496943	2.534991642568774	2.4477604112795626	1.4623411899778263	1.481985168957444	1.442438958608151	1.4099693395586563	1.460227861365409	1.0035065614944647	1.3497320160171413	0.9941581546120918	1.3114207882747713	1.1312825133454567	1.221799902963612	0.36177771543604464	0.6526453766067357	2.6331829014459927	1.493462428113429	1.3328627741625692	1.7937380216146765	1.3668325551996388	0.656442742213119	1.2535473934721688	1.1342660501216846	0.4831421918243135	1.086208557992477	2.445209336879059	0.9567390339348216	1.0223427466850066	1.2345462002223055	1.5261125094690546	1.3094208539213192	1.1932630030211582	0.8505125270355448	2.0022565212931838	2.996053947205312	1.901768359710934	1.4503616849053451	1.8572880219520673	1.5130738982421652
S200	1.3396612484954051	0.9103557808516524	2.9602900712343376	0.5518793913039106	1.7293320907411218	2.9112375700554667	2.5987501873616856	2.348404391728549	1.428239221823654	3.443251514798366	2.862523592749307	2.6740128246566224	3.1382778089785415	0.6259028663990194	0.8642467720755467	2.695787950697242	1.4353920539618665	0.5967227540156964	2.4124073860362647	1.3338517334725117	1.4195357844972736	1.4415491251941701	2.153282149249541	1.6317970257224101	0.0	0.5448744793787312	0.9098788482099277	0.4558279121568378	2.5219224351071587	3.8205022047002744	2.1609490969981726	2.998553813018198	3.348080325947417	3.3590800008863138	3.486534211318946	2.708455888017757	0.2063024760038816	0.5918306941685195	0.3387439396979646	1.22140346345976	1.8610365697118958	2.033357959719205	1.8259430411663724	1.7764061457196614	2.615669206796723	1.5473318198667614	1.8242728584214267	2.037747214231623	1.7644554875662806	0.6335632290816878	1.2489655707051597	0.46406430053732056	1.3825389880777295	1.9670165897444796	2.214571336604008	2.6288473913120405	1.8555353877139689	1.8101060025133417	1.9962732503465614	1.990568987516899	1.053522422716456	0.891085576471664	0.588234640355656	0.6142370689695956	1.0299396340871823	1.4512182438603747	0.761365728488796	2.473675386915784	3.165308230134525	2.6123261951655037	2.6738643607078747	2.6392747695372
S208	0.9248068127146674	0.6234618135651854	2.6143626227350256	0.37930013631868026	1.5925005267525243	2.479858348018003	2.224771583540121	1.9911568506973716	1.277421387166863	3.0156930849922565	2.455672130772104	2.3218388957339715	2.872132615987175	0.19040465064294987	0.6846129432758354	2.356838579491416	0.9490280019729211	0.33157307167094885	2.10462958291139	0.8275748935191142	1.2355897478545654	1.3284754534870782	2.1770423723688466	1.5794018231916105	0.5448744793787312	0.0	0.8385205679749912	0.4044470751040645	2.057113501739373	3.443940622372984	1.653460190243942	2.6694524181035426	2.905003561481143	2.930424300644489	3.083706887333719	2.3775885549757443	0.6420211261994497	0.3201262258452661	0.4558592923988021	0.7293358611080945	2.0562130180213547	2.3083007782233214	2.0300914880730936	2.0848665936100024	2.6569116798150723	1.1319427400840316	1.7176349686808934	2.0396819500880934	1.3672353730826576	0.140209345135379	1.6094047226961428	0.2573459088725516	0.9015248724491343	1.757018674692869	1.8377848127533323	2.4392181570485976	1.823376531654212	1.4256203570531103	1.605139348692766	1.6619004706213538	1.2267809802822174	0.47713386308818145	0.07652997618592593	0.3337951558393061	0.6087741000662575	1.1651991066259075	0.4874367775321599	2.061367305862916	2.8208282701785627	2.262657664808151	2.254457450072166	2.276529207933883
S216	0.9602594424578631	0.6392737605087219	2.29100761196896	0.49209463560977496	2.093298514821444	3.0903450033993307	2.923176412436229	2.7313416711652194	2.1023084005469252	3.455523691228643	3.1022499679068396	3.0187004634977606	3.641899891269107	0.7428774666492235	1.3756572422096627	2.044946633236256	1.1703705877553405	1.1534365004310887	1.8199433362870607	1.2707427650459349	2.0401961313360024	2.1552964855642465	2.9739223813163074	2.361433699589726	0.9098788482099277	0.8385205679749912	0.0	1.1562351861100737	2.4868509656082125	4.0871030645781365	2.035557959060338	3.4232011026013214	3.1637540010049685	3.4488567965676586	3.689872403603879	3.1205864864570936	1.1151095545909409	1.09612600305878	0.992476394579157	1.3395200464970354	2.755465921460575	2.9390278441947384	2.7212106524975432	2.6825964040556385	3.4347305355965454	1.7942555932103017	2.5382823299433417	2.842299073481331	1.1182888651895286	0.9245264277670161	2.1538783079439887	0.6280023040531747	1.6098099482629344	2.5854632722536346	2.585268960820543	3.266936077559227	2.6350280879179637	2.1870259179408578	1.5952561429059928	2.4371627447254913	1.925259056913819	1.293194111102895	0.8892016673509937	1.1589515716309293	1.3734904776142278	1.9961906490828096	0.4166108559456275	1.9187087125513023	3.537425247470156	2.989915719023462	2.8494925319087416	2.9970156072961593
S224	1.285715809026359	0.9640821306205013	2.980184449305446	0.6944635249512185	1.5542229908772887	2.5286858196543354	2.19685656407428	1.9314283590197086	1.0180231267660296	3.137642922943579	2.471908433468649	2.2807982134076017	2.7305693544341643	0.5611934088108901	0.6046501209759513	2.7192560616288746	1.2852899769048782	0.18748770454322813	2.448611107733505	1.1014958820980454	1.023201834142746	1.0365896104735786	1.8266117660142156	1.292499688248227	0.4558279121568378	0.4044470751040645	1.1562351861100737	0.0	2.225875077311076	3.432726963904423	1.8824385079444421	2.5753734397634855	3.1155140728697748	3.0170099990222656	3.1099815913089524	2.2947365638209343	0.40375550162228546	0.26228035166260655	0.38255855042963766	0.9225805442544408	1.6615605856766897	1.9116097654948592	1.6359350017681331	1.6897571071924486	2.316338693304434	1.1952578181033218	1.4358393248514925	1.6986621458300124	1.761034820235053	0.4269248386173535	1.2215808809901003	0.5429442870946185	0.9927842047115997	1.54032685340029	1.7873622416236001	2.2109749729543244	1.4957917386637811	1.3819541875593957	1.9240072541681563	1.5669417928448994	0.8254826557450056	0.4940573263585232	0.40400731864839184	0.20609621075033563	0.6608183215153584	0.9983503776507451	0.8599980990959419	2.416099893835482	2.756958904966109	2.2022777047466247	2.310372506436904	2.2275993793713056
S232	1.5556141938944812	1.905889780849689	2.133997316608237	2.2067954113624646	1.5890499228829258	0.8673482037648993	1.1138669940150783	1.2394142585530696	1.9637596460960922	1.0020135345694885	0.9932926852694375	1.1892693310610567	2.0118552076058207	1.974843451468371	1.7939640632980538	1.989244294418804	1.3313858644936536	2.084491193140527	1.8740850228421135	1.267476098314487	1.787210751936674	2.109325328659957	2.806838826388283	2.1396083682430858	2.5219224351071587	2.057113501739373	2.4868509656082125	2.225875077311076	0.0	1.805075920327267	0.5513859565422453	1.6871312148598399	0.9833498697542635	0.995838698935964	1.3534916415000102	1.4511499136492776	2.557706171716488	2.1681545503516664	2.2299645126539316	1.3362148087560497	3.1276545748722344	3.4694411584915894	3.115920047720145	3.3769202848145055	3.0489169061502768	1.0751889445996488	2.1655000929047694	2.65451882667274	1.7618346079596356	1.9285954508883907	3.1808644245845494	2.2619911866590665	1.382597564276223	1.9206308532046532	1.2398647308729371	2.2746538585544056	2.456012992725363	1.2825671123210785	1.2650786822017375	1.3744495264544991	2.7199689736010226	1.7700325562708767	1.9891646263586291	2.072308765539241	1.5738304273839512	1.7843998975287587	2.123030069591856	1.5053162255385146	1.5936156252651388	1.2917019865733577	0.6715312282004148	1.252023260952233
